0.00780514
0.00585661
0.00358266
0.00402884
0.00348795
0.00374181
0.00437736
0.00444525
0.00444504
0.0044439
0.00444748
0.00444514
0.00444504
0.00444392
0.00444858
0.00443734
0.00511316
0.00511316
0.00229153
0.00371998
0.0038867
0.00362527
0.00387913
0.00434853
0.00441588
0.00441569
0.00441456
0.00441807
0.00441577
0.00441569
0.00441458
0.00441917
0.00440822
0.00346793
0.00193744
0.00193744
0.00193744
0.00193744
0.00395383
0.00193744
0.001964
0.001964
0.0018247
0.0018247
0.001964
0.0018247
0.0018247
0.001964
0.0018247
0.0018247
0.00184273
0.00184273
0.00184273
0.00184273
0.00184273
0.00184273
0.00184273
0.00184273
0.00184273
0.00184273
0.00184273
0.00184273
0.00184273
0.00184273
0.00388808
0.00209659
0.00209659
0.00209659
0.00209659
0.00296486
0.00395303
0.00182026
0.00182026
0.00182026
0.0175083
0.00182238
0.00182238
0.00182486
0.00182483
0.00182004
0.00195469
0.00195936
0.0019643
0.00182008
0.00195476
0.00182462
0.00295744
0.00393522
0.00172572
