0.00159574
0.0370479
0.0193218
0.0193218
0.0202986
0.0193218
0.0202986
0.0193218
0.0193218
0.0193218
0.0202025
0.0193218
0.0203932
0.0193218
0.0193218
0.00353945
0.00266705
0.00557182
0.00266705
0.0034292
0.00266705
0.00266705
0.00342184
0.00266705
0.00266705
0.00266705
0.00266705
0.00266705
0.00242601
0.00242601
0.00242601
0.00242601
0.00242601
0.00246814
0.00246814
0.00246814
0.00246814
0.00235053
0.00235053
0.00235053
0.00235053
0.00235053
0.00235053
0.00190582
0.00190582
0.00190582
0.00190582
0.00190582
0.00190582
0.00190582
0.00190582
0.00190582
0.00190582
0.00190582
0.00190582
0.00190582
0.00190582
0.00190582
0.00190582
0.00190582
0.00190582
0.00190582
0.00190582
0.00190582
0.00190582
0.00190582
0.00190582
0.00190582
0.00190582
0.00190582
0.00190582
0.00190582
0.00190582
0.00190582
0.00190582
0.00190582
0.00190582
0.00190582
0.00190582
0.00190582
0.00190582
0.00190582
0.00190582
0.00190582
0.00246971
0.00246971
0.00246971
0.00246971
0.00235789
0.00235789
0.00235789
0.00235789
0.00235789
0.00171422
