0.00131065
0.000880271
0.000425916
0.000479777
0.000479777
0.000479777
0.000425916
0.000479777
0.000664861
0.000463211
0.00107742
0.00101806
0.000479777
0.000425916
0.00164417
0.000400282
0.000491384
0.000573232
0.000573232
0.000454143
0.000579306
0.000383716
0.000546101
0.000405353
0.000383716
0.000524157
0.000383716
0.00126966
0.00104621
0.00143452
0.00104621
0.00103848
0.00103204
0.00171698
0.000960625
0.000386994
0.000386994
0.000386994
0.000386994
0.000386994
0.000386994
0.000386994
0.000386994
0.000386994
0.00189086
0.000386994
0.000386994
0.000386994
0.000386994
0.000386994
0.000365102
0.000403897
0.000365102
0.000365102
0.000365102
0.000365102
0.000365102
0.000386739
0.000365102
0.000365102
0.000365102
0.000365102
0.000521042
0.000365102
0.000389093
0.000365102
0.000365102
0.000365102
0.000365102
0.000365102
0.000365102
0.000365102
0.000365102
0.000365102
0.000365102
0.000365102
0.000465534
0.000365102
0.000365102
0.000365102
0.000365102
0.000365102
0.000365102
0.000365102
0.000365102
0.000365102
0.000365102
0.000365102
0.000365102
0.000383783
0.000365102
0.000365102
0.000365102
0.000365102
0.000719375
0.000743764
0.000673553
0.000501764
0.000495592
0.000393797
0.000448215
0.000448215
0.000448215
0.000556182
0.000556182
0.000448215
0.000380973
0.00040261
0.00040261
0.00040261
0.00040261
0.00040261
0.00040261
0.00040261
0.00040261
0.00040261
0.000411116
0.000369829
0.000369829
0.000369829
0.000369829
0.000369829
0.000369829
0.000369829
0.000369829
0.000369829
0.000369829
0.000408858
0.000369829
0.000369829
0.000369829
0.000429502
0.000505224
0.000369829
0.000369829
0.000369829
0.000369829
0.000408858
0.000408858
0.000408858
0.000408858
0.000369829
0.000369829
0.000369829
0.000428847
0.000359352
0.000385215
0.000359352
0.000359352
0.000579448
0.000437839
0.000437839
0.000437839
0.000437839
0.000359352
0.000359352
0.000359352
0.000359352
0.000359352
0.000359352
0.000359352
0.000359352
0.000359352
0.000359352
0.000359352
0.000359352
0.000359352
0.000359352
0.000437839
0.000400942
0.000400942
0.000400942
0.000400942
0.000400942
0.000400942
0.000385912
0.000385912
0.000385912
0.000385912
0.000385912
0.000385912
0.000385912
0.000385912
0.000385912
0.000385912
0.000385912
0.000424277
0.00041783
0.00041783
0.000417977
0.000387705
0.000387705
0.000387705
0.000387705
0.000387705
0.000387705
0.000387705
0.000387705
0.00080477
0.000408797
0.000408797
0.000408797
0.000408797
0.000398401
0.000398401
0.000398401
0.000398401
0.000398401
0.000450381
0.000642708
0.000424391
0.000424391
0.000420558
0.000420558
0.000420558
0.000420558
0.000420558
0.00048486
0.000403645
0.000403645
0.000436878
0.000370411
0.000370411
0.000370411
0.000403645
0.000403645
0.000379654
0.000431479
0.000403126
0.000374773
0.000374773
0.000374773
0.000374773
0.000374773
0.000424391
0.000424391
0.000424391
0.000374773
0.000374773
0.000374773
0.000403126
0.000374773
0.000403126
0.000374773
0.000374773
0.000450381
0.000450381
0.000358974
0.000358974
0.000358974
0.000358974
0.000358974
0.000358974
0.000358974
0.000358974
0.000358974
0.000358974
0.000358974
0.000358974
0.000358974
0.000358974
0.000358974
0.000358974
0.000358974
0.000358974
0.000358974
0.000358974
0.000358974
0.000358974
0.000358974
0.000408797
0.000408797
0.000408797
0.000408797
0.000424391
0.000424391
0.000385405
0.000385405
0.000385405
0.000398401
0.000398401
0.000398401
0.000398401
0.000408797
0.000408797
0.000408797
0.000368057
0.000368057
0.000368057
0.000368057
0.00038545
0.000422134
0.000383104
0.00054627
0.000403748
0.000383104
0.000383104
0.000383104
0.000383104
0.000383104
0.000383104
0.000472008
0.000442786
0.00040491
0.000367064
0.000367064
0.000367064
0.000367064
0.000367064
0.000389382
0.000416084
0.00179879
0.000442159
0.000472008
0.000472008
0.000472008
0.000367064
0.000424907
0.000516009
0.000650691
0.000408375
0.000408375
0.00047787
0.00047787
0.00047787
0.00047787
0.00047787
0.000460376
0.000460376
0.000460376
0.000509586
0.000436117
0.000413967
0.000402344
0.000406895
0.000368739
0.000368739
0.000368739
0.000368739
0.000368739
0.000368739
0.000390889
0.000368739
0.00128576
0.00128576
0.00127795
0.00125513
0.00125513
0.000942466
0.000830263
0.000545652
0.000964737
0.000514566
0.000386005
0.000386005
0.000967991
0.000427904
0.000795733
0.000960453
0.00036489
0.00038544
0.000551282
0.00038544
0.000948582
0.000384257
0.000422093
0.00036489
0.00045993
0.0004846
0.000404162
0.000404399
0.000473556
0.000473356
0.000487756
0.000462455
0.00037555
0.000853713
0.000851906
0.000838621
0.00125513
0.000800776
0.000800776
0.000800776
0.000800776
0.000800776
0.000998033
0.00130164
0.000800776
0.000800776
0.000415915
0.000415915
0.000703125
0.000435596
0.000435596
0.000435596
0.000435596
0.000435596
0.000435596
0.000435596
0.000373122
0.000373122
0.000416617
0.000368571
0.000368571
0.000368571
0.000368571
0.000368571
0.000368571
0.000435396
0.000384266
0.000384266
0.000369243
0.000384266
0.000369243
0.000369243
0.000369243
0.000369243
0.000369243
0.000369243
0.000363785
0.00036697
0.000365787
0.000356621
0.000356621
0.000356621
0.000361444
0.000361444
0.000361444
0.000361444
0.000361444
0.000361444
0.000361444
0.000650023
