0.00529929
0.00209117
0.00209117
0.00209117
0.000248963
0.00411414
0.00428693
0.00437252
0.00433029
0.00417573
0.00418969
0.000469742
0.000491399
0.00049109
0.000489062
0.000489662
0.000470175
0.000527736
0.000644834
0.000528619
0.000525451
0.000437683
0.000623326
0.00211777
0.00209117
0.00234942
0.00209117
0.00209117
0.000243055
0.000243055
0.000243055
0.000243055
0.000243055
0.000243055
0.000161217
0.000254225
0.000251523
0.000337115
0.000294883
0.000315821
0.000329776
0.000187817
0.00024241
0.00024241
0.00024241
0.00024241
0.00024241
0.00024241
0.000239708
0.000239708
0.000330013
0.000330013
0.000330013
0.000283068
0.000283068
0.000326451
0.000283068
0.000283068
0.000283068
0.000283068
0.000304006
0.000304006
0.000171227
0.000171227
0.000168251
0.000168251
0.000168251
0.000168251
0.000168251
0.000168889
0.000177899
0.000168889
0.000168889
0.000168889
0.000171059
0.000171059
0.000170279
0.000170279
0.000170279
0.00016963
0.00016963
0.00016963
0.00016963
0.000171636
0.000171636
0.000171636
0.000215463
0.000206453
0.000182643
0.000176825
0.000176825
0.000172519
0.000172519
0.000172519
0.000172519
0.00016935
0.00016935
0.00016935
0.00016935
0.00016935
0.00016935
0.00016935
0.00016935
0.000171888
0.00017692
0.00017692
0.00017692
0.00114118
0.00185145
0.00113661
0.00109854
0.00111525
0.00111268
0.000312869
0.000313679
0.000311701
0.00031264
0.000311701
0.000181909
0.00077292
0.000987574
0.00178951
0.000975243
0.000939997
0.000972388
0.000181909
0.0011101
0.000851848
0.000209728
0.000218738
0.000158412
0.000162908
0.000158412
0.000167056
0.000162908
0.000158412
0.000158412
0.000158412
0.000158412
0.000159005
0.000159005
0.000159005
0.000159005
0.000159005
0.0001635
0.000162908
0.000162908
0.000159005
0.000164093
0.000179026
0.000181535
0.000162908
0.0001635
0.000162908
0.000162908
0.0001635
0.000164093
0.000164093
0.000158412
0.000209728
0.000162908
0.000162908
0.000162908
0.000162908
0.000162908
0.000162908
0.000162908
0.000383626
0.000383626
0.000383626
0.000383626
0.000383626
0.000466341
0.000184219
0.000184219
0.000184219
0.000184219
0.000175331
0.000175331
0.000175331
0.000175331
0.000175331
0.000175331
0.000175331
0.000178052
0.000178052
0.000173044
0.000173044
0.000173044
0.000173044
0.000173044
0.000173044
0.000173044
0.000173044
0.000173044
0.000173044
0.000173044
0.000167671
0.000167671
0.000167671
0.000167671
0.000167671
0.000167671
0.000167671
0.000167671
0.000167671
0.000167671
0.000167671
0.000167671
0.000167671
0.000167671
0.000167671
0.000167671
0.000167671
0.000167671
0.000167671
0.000167671
0.000167671
0.000167671
0.000167671
0.000176028
0.000176028
0.000176028
0.000176028
0.000176028
0.00017474
0.00017474
0.00017474
0.00017474
0.00017474
0.00017474
0.00017474
0.000157214
0.000157214
0.000157214
0.000157214
0.000157214
0.000157214
0.000157214
0.000157214
0.000157214
0.000157214
0.000157214
0.000157214
0.000157214
0.000157214
0.000157214
0.00015963
0.00015963
0.00015963
0.000158641
0.000158641
0.000158641
0.000158641
0.000158641
0.000158641
0.000158641
0.000159111
0.000159111
0.000159111
0.000159111
0.000159111
0.000158641
0.000158641
0.000158641
0.000158641
0.000158641
0.000158641
0.000158641
0.000168298
0.000200897
0.00018168
0.000173227
0.000173227
0.000173227
0.000173227
0.000173227
0.000191148
0.000191148
0.000191148
0.000191148
0.000173561
0.000173561
0.000173561
0.000171821
0.000171821
0.000171821
0.000171821
0.000171821
0.000171821
0.000171821
0.000153898
0.000153898
0.00015449
0.000187356
0.000168667
0.000168667
0.000187356
0.000263263
0.000150588
0.000150588
0.000149995
0.000150588
0.000149995
0.000149995
0.000149995
0.000149995
0.000149995
0.000149995
0.000149995
0.000157093
0.000157093
0.000157093
0.000157093
0.000149995
0.000149995
0.000291508
0.000149995
0.000149995
0.000149995
0.000149995
0.000149995
0.000149995
0.000150588
0.000149995
0.000149995
0.000149995
0.000149995
0.000149995
0.000149995
0.000149995
0.000149995
0.000149995
0.000149995
0.000149995
0.000149995
0.000149995
0.000149995
0.000149995
0.000149995
0.000149995
0.000149995
0.000149995
0.000149995
0.000149995
0.000149995
0.000149995
0.000149995
0.000149995
0.000149995
0.000149995
0.000149995
0.000149995
0.000149995
0.000149995
0.000149995
0.000149995
0.000149995
0.000149995
0.000149995
0.000149995
0.000149995
0.000149995
0.000149995
0.000149995
0.000149995
0.000149995
0.000149995
0.000149995
0.000149995
0.000149995
0.000149995
0.000165521
0.000149995
0.000149995
0.000149995
0.000149995
0.000149995
0.000149995
0.000149995
0.000149995
0.000149995
0.000149995
0.000149995
0.000149995
0.000149995
0.000149995
0.000149995
0.000149995
0.000149995
0.000149995
0.000149995
0.000149995
0.000149995
0.000149995
0.000149995
0.000149995
0.000149995
0.000149995
0.000149995
0.000149995
0.000149995
0.000149995
0.000149995
0.000149995
0.000149995
0.000157093
0.000149995
0.000149995
0.000157093
0.000149995
0.000149995
0.000149995
0.000149995
0.000149995
0.000149995
0.000149995
0.000157093
0.000149995
0.000149995
0.000149995
0.000149995
0.000149995
0.000149995
0.000149995
0.000149995
0.000149995
0.000149995
0.000149995
0.000149995
0.000149995
0.000149995
0.000149995
0.000149995
0.000149995
0.000149995
0.000149995
0.000149995
0.000149995
0.000149995
0.000149995
0.000149995
0.000149995
0.000149995
0.000149995
0.000149995
0.000149995
0.000149995
0.000149995
0.000149995
0.000149995
0.000149995
0.000149995
0.000149995
0.000149995
0.000149995
0.000149995
0.000149995
0.000149995
0.000149995
0.000149995
0.000149995
0.000149995
0.000149995
0.000149995
0.000149995
0.000149995
0.000149995
0.000149995
0.000149995
0.000149995
0.000149995
0.000149995
0.000149995
0.000149995
0.000149995
0.000149995
0.000149995
0.000149995
0.000149995
0.000149995
0.000149995
0.000149995
0.000149995
0.000149995
0.000149995
0.000149995
0.000149995
0.000149995
0.000149995
0.000149995
0.000149995
0.000149995
0.000149995
0.000149995
0.000149995
0.000149995
0.000149995
0.000149995
0.000149995
0.000149995
0.000149995
0.000149995
0.000149995
0.000149995
0.000149995
0.000149995
0.000149995
0.000171878
0.000171878
0.000171878
0.000171878
0.000171878
0.000216829
0.000171878
0.000171878
0.000171878
0.000171878
0.000171878
0.000201846
0.000194354
0.000194354
0.000164386
0.000164386
0.000164386
0.000164386
0.000164386
0.000164386
0.000164386
0.000164928
0.000235089
0.000164928
0.000164928
0.000164928
0.000164928
0.000164928
0.0001565
0.0001565
0.0001565
0.0001565
0.0001565
0.0001565
0.0001565
0.0001565
0.0001565
0.0001565
0.0001565
0.0001565
0.00016803
0.000205284
0.00016803
0.00016803
0.00016803
0.00016803
0.00016803
0.00016803
0.00016803
0.00016803
0.00016803
0.00016803
0.00016803
0.00016803
0.00016803
0.00016803
0.00016803
0.00016803
0.00016803
0.00016803
0.00016803
0.000207774
0.000155541
0.000184715
0.000181923
0.000155541
0.000227543
0.000177185
0.000179197
0.000178356
0.000156094
0.000168091
0.000168091
0.000157264
0.000157264
0.000157264
0.000165126
0.000172988
0.000172988
0.000165126
0.000157264
0.000219564
0.00017333
0.00017333
0.00017333
0.00017333
0.00017333
0.00017333
0.000156305
0.000156305
0.000156305
0.000156305
0.000156305
0.000154909
0.000154909
0.000154909
0.000154909
0.000154909
0.000154909
0.000154909
0.000154909
0.000154909
0.000154909
0.000154909
0.000154909
0.000154909
0.000154909
0.000154909
0.000156199
0.000190477
0.000187657
0.000188216
0.000243745
0.000175426
0.000175892
0.000154018
0.000170155
0.00015603
0.000155189
0.000156423
0.000156423
0.000156423
0.000156423
0.000156423
0.000155479
0.000155479
0.000155479
0.000155479
0.000155479
0.000155479
0.000155479
0.000155479
0.000155479
0.000155479
0.000155479
0.000155759
0.000155759
0.000155759
0.000155759
0.000155759
0.000155759
0.000155759
0.000155759
0.000155759
0.000155695
0.000187705
0.000182515
0.000186887
0.000186887
0.000185478
0.000187711
0.000187403
0.000188146
0.000185566
0.000155695
0.000203247
0.000203686
0.000203686
0.000204091
0.000203329
0.000203329
0.000202727
0.000204091
0.000155656
0.000156122
0.000155163
0.000155163
0.000155163
0.000155163
0.000155163
0.000155163
0.000155163
0.000155163
0.000155163
0.000155163
0.000155163
0.000155749
0.000155749
0.000155749
0.000155749
0.000155749
0.000155749
0.000155749
0.000155749
0.000155749
0.000154518
0.000154518
0.000154518
0.000154518
0.000154518
0.000154518
0.000154518
0.000154518
0.000154518
0.000154518
0.000154518
0.000154518
0.000154518
0.000154518
0.000154518
0.000154518
0.000154518
0.000154518
0.000154518
0.000156704
0.000156704
0.000156704
0.000156704
0.000156704
0.000156704
0.000156
0.000156
0.000156
0.000156
0.000156
0.000156
0.000156
0.000157116
0.00015636
0.00015636
0.00015636
0.00015636
0.00015636
0.000156732
0.000156732
0.000156732
0.000155442
0.000155442
0.000155442
0.000155442
0.000155442
0.000155442
0.000155442
0.000155442
0.000155442
0.000155442
0.000155442
0.00015507
0.000186378
0.000183806
0.000184705
0.00018603
0.000187791
0.000184705
0.000187197
0.000185669
0.000183841
0.00015507
0.000224281
0.000224281
0.000223538
0.000223888
0.000223226
0.000224281
0.000223888
0.000224281
0.000223888
0.000223888
0.000155509
0.000175019
0.000173785
0.000155509
0.000174373
0.00017276
0.000155914
0.000174626
0.000155152
0.000173043
0.000172509
0.000155152
0.00015455
0.000155914
0.000156017
0.000156017
0.000156017
0.000156017
0.000156017
0.000156017
0.000156017
0.000154732
0.000154732
0.000154732
0.000154732
0.000154732
0.000154732
0.000154732
0.000154732
0.000154732
0.000154732
0.000154732
0.000154732
0.000154732
0.000154732
0.000154732
0.000154732
0.000154732
0.000155181
0.000155181
0.000155181
0.000155181
0.000155181
0.000155181
0.000155181
0.000155181
0.000155181
0.000155181
0.000155181
0.000155181
0.000155181
0.00015545
0.00015545
0.00015545
0.00015545
0.00015545
0.00015545
0.00015545
0.00015545
0.00015545
0.00015545
0.00015545
0.000156724
0.000156724
0.000156724
0.000155181
0.000155181
0.000155181
0.000155181
0.000155181
0.000155181
0.000155181
0.000155181
0.000155181
0.000155181
0.000155181
0.000155181
0.000155181
0.000156034
0.000156034
0.000156034
0.000156034
0.000156034
0.000156034
0.000156034
0.000156324
0.000156324
0.000156324
0.000156324
0.000156324
0.00015541
0.00015541
0.00015541
0.00015541
0.00015541
0.00015541
0.00015541
0.00015541
0.00015541
0.00015541
0.00015541
0.000156001
0.000176045
0.000156001
0.000177563
0.000155258
0.00017385
0.000176005
0.000155607
0.000173454
0.000174577
0.000154946
0.000169352
0.000156001
0.000155607
0.000156001
0.000155607
0.000155607
0.000156104
0.000156104
0.000156104
0.000156104
0.000156104
0.000155487
0.000155487
0.000155487
0.000155487
0.000155487
0.000155487
0.000155487
0.000155487
0.000155487
0.000155781
0.000155781
0.000155781
0.000155781
0.000155781
0.000155781
0.000155781
0.000154974
0.000154974
0.000154974
0.000154974
0.000154974
0.000154974
0.000154974
0.000154974
0.000154974
0.000154974
0.000154974
0.000154974
0.000154974
0.000155503
0.000155503
0.000155503
0.000155503
0.000155503
0.000155503
0.000155503
0.000155503
0.000155503
0.000155473
0.000155473
0.000155473
0.000155473
0.000155473
0.000155473
0.000155473
0.000155473
0.000155473
0.000155206
0.000155206
0.000155206
0.000155206
0.000155206
0.000155206
0.000155206
0.000155206
0.000155206
0.000155206
0.000155206
0.000156125
0.000156125
0.000156125
0.000156125
0.000156125
0.000156884
0.00015577
0.00015577
0.00015577
0.00015577
0.00015577
0.00015577
0.00015577
0.000156848
0.000155223
0.000155223
0.000155223
0.000155223
0.000155223
0.000155223
0.000155223
0.000155223
0.000155223
0.000155223
0.000155223
0.000155785
0.000155785
0.000155785
0.000155785
0.000155785
0.000155785
0.000155785
0.000153833
0.000153833
0.000153833
0.000153833
0.000153833
0.000153833
0.000153833
0.000153833
0.000153833
0.000153833
0.000153833
0.000153833
0.000153833
0.000153833
0.000153833
0.000153833
0.000153833
0.000153833
0.000153833
0.000153833
0.000153833
0.000153833
0.000153833
0.000153833
0.000153833
