0.000352568
0.00047698
0.000488529
0.000448597
0.000452705
0.000443569
0.000415566
0.000357664
0.0002934
0.000287038
0.000400938
0.000379723
0.000287038
0.000287038
0.000287038
0.000546894
0.000287038
0.000287038
0.000287038
0.00102629
0.000246578
0.000246578
0.000246578
0.000246578
0.000358831
0.000674486
0.000420066
0.00023628
0.000550565
0.000782552
0.000864957
0.00180573
0.000550565
0.000314969
0.000483353
0.000550565
0.000615025
0.00051715
0.00023628
0.00059562
0.000342048
0.000254373
0.000320829
0.000224731
0.000224731
0.000224731
0.000224731
0.000224731
0.000224731
0.000224731
0.000224731
0.000224731
0.000224731
0.000224731
0.000224731
0.000224731
0.000231092
0.000231092
0.000231092
0.000231092
0.000224731
0.000224731
0.000224731
0.000224731
0.000224731
0.000224731
0.000224731
0.000224731
0.000224731
0.000224731
0.000224731
0.000224731
0.000224731
0.000224731
0.000224731
0.000224731
0.000224731
0.000224731
0.000224731
0.000224731
0.000224731
0.000224731
0.000229843
0.000224731
0.000224731
0.000224731
0.000224731
0.000224731
0.000224731
0.000224731
0.000224731
0.000224731
0.000224731
0.000224731
0.000224731
0.000224731
0.000224731
0.000224731
0.000224731
0.000224731
0.000224731
0.00106702
0.000224731
0.000224731
0.000224731
0.000224731
0.000224731
0.000224731
0.000224731
0.000224731
0.000224731
0.000224731
0.000224731
0.000224731
0.000224731
0.000224731
0.000224731
0.000224731
0.000224731
0.000224731
0.000305063
0.000300857
0.000285627
0.000260555
0.000260555
0.000260555
0.000260555
0.000269691
0.000269691
0.000229918
0.000229918
0.000229918
0.000235454
0.00029718
0.000229918
0.000328295
0.000328295
0.000229918
0.000229918
0.000229918
0.000229918
0.000229918
0.000229918
0.000229918
0.000229918
0.000229918
0.000229918
0.000229918
0.000229918
0.000440289
0.000487997
0.000225156
0.000225156
0.000225156
0.000225156
0.000225156
0.000225156
0.000225156
0.000225156
0.000225156
0.000225156
0.000225156
0.000225156
0.000225156
0.000225156
0.000225156
0.000225156
0.000225156
0.000225156
0.000225156
0.000225156
0.000225156
0.000225156
0.000225156
0.000225156
0.000225156
0.000225156
0.000225156
0.000225156
0.000225156
0.000225156
0.000225156
0.000225156
0.000225156
0.000225156
0.000225156
0.000225156
0.000225156
0.000225156
0.000225156
0.000225156
0.000225156
0.000225156
0.000225156
0.000225156
0.000246297
0.000246297
0.000272974
0.000246297
0.000246297
0.000272974
0.000236036
0.000236036
0.000236036
0.000236036
0.000236036
0.000236036
0.000236036
0.000236036
0.000236036
0.000236036
0.000236036
0.000236036
0.000236036
0.000287982
0.000287982
0.000287982
0.000287982
0.000255189
0.000255189
0.000236036
0.000236036
0.000236036
0.000236036
0.000236036
0.000236036
0.000236036
0.000236036
0.000236036
0.000236036
0.000236036
0.000236036
0.000236036
0.00261296
0.000281711
0.000281711
0.000281711
0.000281711
0.000449225
0.000334422
0.000334422
0.000407862
0.00032129
0.000337158
0.000337158
0.000337158
0.000325222
0.000325222
0.000325222
0.000325222
0.000325222
0.00030627
0.00030627
0.00030627
0.00030627
0.00030627
0.00030627
0.00030627
0.000391988
0.000391988
0.000391988
0.000391988
0.000391988
0.000391988
0.000337158
0.000337158
0.000337158
0.000274026
0.000274026
0.000274026
0.000274026
0.00026092
0.00026092
0.00026092
0.00026092
0.00026092
0.00026092
0.00026092
0.00026092
0.00026092
0.00026092
0.000337158
0.000337158
0.000337158
0.000394367
0.000394367
0.000308025
0.000308025
0.000308025
0.000308025
0.0002874
0.0002874
0.000387548
0.000275596
0.000288352
0.000275596
0.000275596
0.000478309
0.000369325
0.000453615
0.000243747
0.000337653
0.00030597
0.000250108
0.000243747
0.000243747
0.000225981
0.000290245
0.000225981
0.000225981
0.000225981
0.000225981
0.000225981
0.000225981
0.000225981
0.000281842
0.000225981
0.000225981
0.000225981
0.000225981
0.000225981
0.000225981
0.000225981
0.000225981
0.000225981
0.000225981
0.000225981
0.000225981
0.000225981
0.000225981
0.00027123
0.000225981
0.000225981
0.000225981
0.000225981
0.000225981
0.000225981
0.000225981
0.000234239
0.000234239
0.000234239
0.000234239
0.000234239
0.000234239
0.000234239
0.000423171
0.000234239
0.000248859
0.000234239
0.000248859
0.000234239
0.000248859
0.000234239
0.000248859
0.000234239
0.000248859
0.000234239
0.000248859
0.000234239
0.000234239
0.000234239
0.000234239
0.000234239
0.000234239
0.000234239
0.000234239
0.000336576
0.000234239
0.000263478
0.000321956
0.000234239
0.00193344
0.000227999
0.000227999
0.000227999
0.000227999
0.000227999
0.000227999
0.000227999
0.000227999
0.000227999
0.000227999
0.000227999
0.000227999
0.000227999
0.000227999
0.000227999
0.000227999
0.000227999
0.000227999
0.000227999
0.000227999
0.000227999
0.000227999
0.000227999
0.000232204
0.000232204
0.000232204
0.000232204
0.000232204
0.000232204
0.000232204
0.000232204
0.000232204
0.000232204
0.000232204
0.000232204
0.00044842
0.000254856
0.000223194
0.000241481
0.000241481
0.000241481
0.000241481
0.000241481
0.000241481
0.000241481
0.000241481
0.000241481
0.000252412
0.000252412
0.000342743
0.000574447
0.000552376
0.000661244
0.000389205
0.000690976
0.000350847
0.000460651
0.000267327
0.000458382
0.000425105
0.000300103
0.000255343
0.000255343
0.000255343
0.000438941
0.000394745
0.000394745
0.000394745
0.000394745
0.00023879
0.00023879
0.00023879
0.00023879
0.00195763
0.000283523
0.000283523
0.000283523
0.000283523
0.000243583
0.00027097
0.000243583
0.000243583
0.000315474
0.000315474
0.000247006
0.000315474
0.00108231
0.00024092
0.000260091
0.00023879
0.00023879
0.000285542
0.0002324
0.0002324
0.0002324
0.0002324
0.0002324
0.0002324
0.00034217
0.000403405
0.0011054
0.000239364
0.000239364
0.000239364
0.000239364
0.000239364
0.000239364
0.000239364
0.000239364
0.000239364
0.000239364
0.000239364
0.000239364
0.000239364
0.000239364
0.000282803
0.000282803
0.000282803
0.000282803
0.000246477
0.000246477
0.000246477
0.000246477
0.000246477
0.000246477
0.000246477
0.000246477
0.000246477
0.000230561
0.000230561
0.000230561
0.000230561
0.000230561
0.000241504
0.000230561
0.000230561
0.000230561
0.000230561
0.000241504
0.000241504
0.000230561
0.000230561
0.000230561
0.000230561
0.000230561
0.000241504
0.000230561
0.000230561
0.000230561
0.000370246
0.000370246
0.000298308
0.000298308
0.000466692
0.000276676
0.000248148
0.000248148
0.000248148
0.000248148
0.00031091
0.000265265
0.000257657
0.000257657
0.000257657
0.000257657
0.000229993
0.000229993
0.000229993
0.000229993
0.000229993
0.000229993
0.000229993
0.000229993
0.000240367
0.000240367
0.000229993
0.000229993
0.000229993
0.000250741
0.000229993
0.000229993
0.000229993
0.000229993
0.000240367
0.000229993
0.000229993
0.000261115
0.000229993
0.000229993
0.000229993
0.000229993
0.000229993
0.000229993
0.000229993
0.000229993
0.000229993
0.000229993
0.000394525
0.000232376
0.000232376
0.000232376
0.000232376
0.000232376
0.000232376
0.000232376
0.000232376
0.000269258
0.000256502
0.000256502
0.000256502
0.000303909
0.000303909
0.000303909
0.000303909
0.00025998
0.000349315
0.000264379
0.000264379
0.000328643
0.000264379
0.000264379
0.000264379
0.000264379
0.000328643
0.000249261
0.000249261
0.000323367
0.000283684
0.000588916
0.000422227
0.000252233
0.000252233
0.000252233
0.000252233
0.000252233
0.000252233
0.000252233
0.000252233
0.000251281
0.000251281
0.000251281
0.000251281
0.000251281
0.000252622
0.000285624
0.00030789
0.000341497
0.000270138
0.000270138
0.000344519
0.000270138
0.000270138
0.000243482
0.000231551
0.000231551
0.000255413
0.000243482
0.000231551
0.000231551
0.000231551
0.000231551
0.000231551
0.000231551
0.000231551
0.000231551
0.000646969
0.00034375
0.000514679
0.000579439
0.00069871
0.000264869
0.000264869
0.000264869
0.000264869
0.000263548
0.000345142
0.000325624
0.000331342
0.000275481
0.000275481
0.000275481
0.000390548
0.000301213
0.000301213
0.000301213
0.000301213
0.000390548
0.000390548
0.000390548
0.000263816
0.000308954
0.000308954
0.000308954
0.000308954
0.000248182
0.000248182
0.000248182
0.000248182
0.000248182
0.000329606
0.000346351
0.000253724
0.000253724
0.000251652
0.000251652
0.000251652
0.000251652
0.000251652
0.000251652
0.000236365
0.000432082
