2.87005e-05
0.00151539
0.000777201
0.000408739
0.00143071
0.000497784
0.00048513
0.000522842
0.000479332
0.000108289
0.000104037
0.000104037
8.6083e-05
8.85891e-05
9.06376e-05
9.3309e-05
8.34367e-05
9.30111e-05
5.34754e-05
7.7164e-05
7.5835e-05
0.000405447
0.000455648
0.000410571
0.000407128
0.000402845
0.000411378
0.000405404
0.00179627
0.000458214
0.000403078
0.000408545
0.000402648
0.000407181
0.000415859
0.000405093
0.00043684
0.00044328
0.00038572
0.000720729
0.000720729
6.55394e-05
6.55394e-05
4.81933e-05
6.55394e-05
6.55394e-05
7.01739e-05
6.76653e-05
6.76653e-05
6.76653e-05
6.92529e-05
0.000113152
0.00012253
0.000122306
0.000122017
0.000727615
0.000779041
4.42453e-05
9.91171e-05
9.91171e-05
9.91171e-05
0.000111321
7.997e-05
4.806e-05
9.44827e-05
0.000385087
3.93445e-05
0.000467236
0.000450066
0.000490665
0.000448927
4.41148e-05
6.17338e-05
4.43877e-05
0.000402356
4.43877e-05
5.62874e-05
0.000379817
0.00043152
0.000385146
0.000408111
0.000377484
0.000405688
0.00171674
0.000447662
0.000402164
0.000384606
0.000375982
0.00036205
0.000410379
0.000410379
0.000391522
0.000397784
0.000370943
0.000391302
0.00036205
4.43877e-05
4.6341e-05
4.91762e-05
4.28553e-05
4.67364e-05
4.33028e-05
4.21214e-05
3.34246e-05
3.8238e-05
3.61848e-05
3.84301e-05
3.38032e-05
3.44608e-05
3.37829e-05
3.44216e-05
3.38233e-05
3.37464e-05
3.38233e-05
3.44407e-05
3.61655e-05
3.71946e-05
3.71768e-05
3.65831e-05
3.69852e-05
3.5605e-05
3.97457e-05
3.51386e-05
3.45099e-05
3.33307e-05
3.47844e-05
3.68002e-05
3.49705e-05
3.56116e-05
3.38453e-05
3.38032e-05
3.38221e-05
3.37834e-05
3.37834e-05
3.50633e-05
3.38215e-05
3.38233e-05
3.38909e-05
3.39293e-05
3.38246e-05
3.4537e-05
3.36258e-05
3.84301e-05
3.84301e-05
3.84301e-05
3.87629e-05
3.84301e-05
6.50764e-05
4.35523e-05
4.46842e-05
7.40027e-05
3.86492e-05
3.91525e-05
3.80732e-05
4.69517e-05
5.79175e-05
3.99771e-05
3.94529e-05
4.04062e-05
4.36612e-05
3.89331e-05
3.91525e-05
4.78969e-05
4.3675e-05
3.78897e-05
3.79938e-05
3.80513e-05
3.5711e-05
3.53442e-05
4.97364e-05
4.97364e-05
4.97364e-05
4.97364e-05
5.23483e-05
5.98454e-05
5.33035e-05
4.79495e-05
4.52032e-05
4.57326e-05
4.64427e-05
4.26643e-05
4.46972e-05
3.82627e-05
3.4347e-05
4.21475e-05
4.06699e-05
3.91728e-05
3.76926e-05
4.90363e-05
4.21492e-05
3.91543e-05
4.05964e-05
3.73573e-05
3.64453e-05
3.64453e-05
3.50325e-05
3.83757e-05
4.77433e-05
4.83175e-05
4.13732e-05
3.84418e-05
3.65442e-05
3.42261e-05
3.67438e-05
3.54349e-05
3.83571e-05
3.81368e-05
3.39734e-05
3.90919e-05
3.90919e-05
3.3449e-05
3.88398e-05
3.88398e-05
3.90919e-05
3.93586e-05
3.88398e-05
3.88398e-05
3.76447e-05
5.15524e-05
4.86136e-05
3.66059e-05
3.72175e-05
3.75458e-05
3.6565e-05
4.23965e-05
3.85411e-05
3.79906e-05
4.29241e-05
3.68731e-05
3.63595e-05
4.00625e-05
4.30184e-05
4.30184e-05
4.30184e-05
4.30184e-05
4.30184e-05
3.26432e-05
3.7882e-05
3.7882e-05
3.7882e-05
3.7882e-05
3.7882e-05
3.7882e-05
3.7882e-05
3.7882e-05
3.34674e-05
3.35249e-05
3.7882e-05
3.7882e-05
3.7882e-05
3.7882e-05
3.7882e-05
3.7882e-05
3.35249e-05
5.07802e-05
3.82447e-05
3.82447e-05
3.7882e-05
3.7882e-05
3.7882e-05
3.7882e-05
3.7882e-05
3.7882e-05
3.7882e-05
3.7882e-05
3.7882e-05
5.01321e-05
4.90073e-05
4.65195e-05
3.65597e-05
3.37133e-05
3.40204e-05
3.39987e-05
3.3878e-05
3.37643e-05
3.37119e-05
3.75112e-05
3.38921e-05
3.37643e-05
3.38921e-05
3.38921e-05
3.55398e-05
3.39133e-05
3.38738e-05
3.38076e-05
3.39343e-05
3.37276e-05
3.35789e-05
3.37476e-05
3.37129e-05
3.37301e-05
3.37485e-05
3.37455e-05
3.34527e-05
3.36414e-05
3.38728e-05
3.37485e-05
3.37485e-05
3.89872e-05
3.98105e-05
3.30144e-05
3.30144e-05
3.30144e-05
3.30144e-05
3.30144e-05
3.30144e-05
3.30144e-05
3.30144e-05
5.06565e-05
4.31866e-05
0.000167471
4.79646e-05
3.81542e-05
3.81542e-05
3.81542e-05
3.81542e-05
3.81542e-05
3.81542e-05
3.81542e-05
3.81542e-05
3.81542e-05
3.81542e-05
3.81542e-05
3.28802e-05
3.81542e-05
3.81542e-05
3.28802e-05
4.92667e-05
3.81542e-05
3.81542e-05
3.81542e-05
3.81542e-05
3.81542e-05
3.81542e-05
3.81542e-05
3.81542e-05
3.81542e-05
3.81542e-05
3.81542e-05
3.81542e-05
3.81542e-05
3.81542e-05
3.81542e-05
3.81542e-05
3.81542e-05
3.81542e-05
3.81542e-05
3.81542e-05
3.81542e-05
3.81542e-05
3.81542e-05
3.81542e-05
3.81542e-05
3.29953e-05
3.81542e-05
3.81542e-05
3.81542e-05
3.81542e-05
0.000169262
5.47504e-05
7.24459e-05
5.82179e-05
6.58004e-05
5.49389e-05
7.46307e-05
5.26219e-05
5.8084e-05
4.48517e-05
4.6805e-05
4.6805e-05
4.6805e-05
3.63106e-05
3.36294e-05
3.36294e-05
3.36294e-05
3.36294e-05
3.16761e-05
3.99688e-05
3.99688e-05
2.93241e-05
3.41348e-05
3.17294e-05
2.93241e-05
3.56189e-05
3.14217e-05
3.12934e-05
3.9999e-05
3.12934e-05
3.12934e-05
3.12934e-05
3.12934e-05
3.12934e-05
3.54906e-05
4.00531e-05
3.9999e-05
3.9999e-05
3.98656e-05
3.12934e-05
3.12934e-05
3.12934e-05
3.12934e-05
3.12934e-05
3.12934e-05
3.12934e-05
3.12934e-05
3.12934e-05
3.12934e-05
3.12934e-05
3.9999e-05
3.56189e-05
3.56189e-05
3.56189e-05
3.14217e-05
3.9999e-05
4.00481e-05
3.97914e-05
3.12934e-05
3.12934e-05
3.12934e-05
3.12934e-05
3.12934e-05
3.12934e-05
3.14217e-05
3.14708e-05
3.98624e-05
3.12934e-05
3.55397e-05
3.64277e-05
3.56734e-05
3.12934e-05
3.56734e-05
3.9999e-05
3.77993e-05
3.09642e-05
3.12934e-05
3.12934e-05
3.12934e-05
3.12934e-05
3.12934e-05
3.12934e-05
3.12934e-05
3.12934e-05
3.14217e-05
3.19714e-05
3.19714e-05
3.19386e-05
3.155e-05
3.26064e-05
3.1737e-05
3.14217e-05
3.14217e-05
3.14217e-05
3.16087e-05
3.14217e-05
3.14217e-05
3.14217e-05
3.58017e-05
3.14217e-05
3.14217e-05
3.14217e-05
3.19764e-05
3.14759e-05
3.14217e-05
3.16629e-05
3.14217e-05
3.14217e-05
3.14217e-05
3.14217e-05
3.19714e-05
3.14217e-05
3.12034e-05
2.98433e-05
3.03742e-05
2.96439e-05
3.15772e-05
3.29098e-05
2.91675e-05
2.91675e-05
3.12934e-05
2.91675e-05
2.91675e-05
3.12934e-05
2.91675e-05
2.91675e-05
2.91675e-05
2.91675e-05
2.91675e-05
2.91675e-05
3.12934e-05
3.12934e-05
3.55451e-05
3.97968e-05
3.12934e-05
2.91675e-05
3.34192e-05
2.91675e-05
2.91675e-05
2.91675e-05
2.91675e-05
2.91675e-05
2.91675e-05
2.91675e-05
2.91675e-05
3.12934e-05
2.91675e-05
2.91675e-05
2.91675e-05
2.91675e-05
3.34192e-05
3.12934e-05
3.12934e-05
2.91675e-05
2.91675e-05
2.91675e-05
2.91675e-05
2.91675e-05
2.91675e-05
2.91675e-05
2.91675e-05
3.12934e-05
2.91675e-05
2.91675e-05
3.12934e-05
3.34192e-05
2.91675e-05
3.12934e-05
3.12934e-05
2.91675e-05
3.12934e-05
2.91675e-05
2.91675e-05
2.91675e-05
2.91675e-05
2.91675e-05
2.91675e-05
2.91675e-05
2.91675e-05
3.55451e-05
2.91675e-05
2.91675e-05
2.91675e-05
3.7671e-05
2.91675e-05
2.91675e-05
2.91675e-05
3.12934e-05
6.77375e-05
5.27986e-05
6.49471e-05
3.53707e-05
3.53707e-05
3.19585e-05
3.23677e-05
3.48298e-05
3.80774e-05
3.1906e-05
3.1906e-05
3.1906e-05
3.48298e-05
3.1906e-05
3.48298e-05
3.51971e-05
3.21701e-05
3.18319e-05
3.49738e-05
3.49313e-05
3.71239e-05
3.47756e-05
3.18319e-05
3.19585e-05
3.47506e-05
3.48247e-05
3.18319e-05
3.18319e-05
3.66221e-05
3.18319e-05
4.95997e-05
4.95997e-05
3.12389e-05
3.13672e-05
3.12389e-05
3.12389e-05
3.06285e-05
3.0738e-05
3.07027e-05
3.15214e-05
3.14771e-05
3.18524e-05
3.17032e-05
3.17874e-05
3.25497e-05
3.31482e-05
2.9447e-05
5.44948e-05
7.80016e-05
5.35539e-05
2.97684e-05
3.79779e-05
3.21853e-05
4.68918e-05
4.18553e-05
4.55631e-05
4.14276e-05
4.37094e-05
3.46069e-05
3.75551e-05
3.58374e-05
3.6608e-05
3.36245e-05
3.32788e-05
3.38463e-05
3.32339e-05
3.38023e-05
3.32794e-05
3.31931e-05
3.32794e-05
3.38237e-05
3.49943e-05
3.59892e-05
3.5885e-05
3.53687e-05
3.56442e-05
3.48421e-05
3.75764e-05
3.45237e-05
3.50518e-05
3.47887e-05
3.5971e-05
3.42839e-05
3.56167e-05
3.33041e-05
3.32788e-05
3.40228e-05
3.32555e-05
3.32555e-05
3.44503e-05
3.39777e-05
3.32794e-05
3.32156e-05
3.32588e-05
3.31414e-05
3.38086e-05
3.25332e-05
4.23624e-05
4.33886e-05
3.73559e-05
3.7878e-05
3.69024e-05
4.43173e-05
5.2523e-05
3.41835e-05
3.82529e-05
3.81053e-05
3.96034e-05
4.14908e-05
3.60245e-05
3.69055e-05
3.7878e-05
4.47898e-05
4.55905e-05
3.63227e-05
3.63502e-05
3.68122e-05
3.68555e-05
3.59754e-05
3.68821e-05
3.41835e-05
4.97311e-05
6.36952e-05
5.06265e-05
4.45253e-05
4.24167e-05
4.47363e-05
4.75189e-05
4.21819e-05
4.14109e-05
3.76992e-05
3.89823e-05
3.8694e-05
3.92127e-05
3.93581e-05
4.0867e-05
3.6663e-05
3.53017e-05
3.61074e-05
3.67793e-05
3.61727e-05
4.01123e-05
4.24125e-05
3.67581e-05
3.92469e-05
3.83059e-05
3.44093e-05
3.44093e-05
3.52248e-05
3.74244e-05
4.49981e-05
3.4893e-05
4.45559e-05
3.97246e-05
3.7001e-05
3.63878e-05
3.58645e-05
3.61017e-05
3.35497e-05
3.80673e-05
3.27828e-05
3.24325e-05
3.60011e-05
4.79637e-05
4.53061e-05
3.42798e-05
3.42449e-05
3.42798e-05
3.42798e-05
3.42798e-05
3.51884e-05
3.50927e-05
3.51404e-05
3.51634e-05
3.50382e-05
3.48162e-05
3.62936e-05
4.06369e-05
3.51475e-05
3.42798e-05
3.96527e-05
3.39333e-05
3.02751e-05
3.31193e-05
3.12226e-05
2.97648e-05
3.20961e-05
3.68276e-05
3.31621e-05
3.31047e-05
3.31047e-05
4.94461e-05
3.75192e-05
3.22804e-05
5.03298e-05
6.65699e-05
3.56087e-05
3.37643e-05
3.36371e-05
3.37609e-05
3.36332e-05
3.34329e-05
3.36779e-05
3.35678e-05
3.34848e-05
3.34329e-05
3.34848e-05
3.34848e-05
3.4713e-05
3.34843e-05
3.35826e-05
3.35857e-05
3.339e-05
3.33634e-05
3.35043e-05
3.34806e-05
3.35038e-05
3.35316e-05
3.34108e-05
3.32386e-05
3.35283e-05
3.34351e-05
3.35316e-05
3.35316e-05
3.26141e-05
3.26141e-05
3.26141e-05
3.26141e-05
3.26141e-05
3.26141e-05
3.26141e-05
3.26141e-05
3.37816e-05
3.35579e-05
3.26141e-05
3.26141e-05
3.76714e-05
3.76714e-05
3.39278e-05
3.23156e-05
3.23156e-05
3.23156e-05
3.17841e-05
4.5152e-05
4.45963e-05
4.90691e-05
4.20191e-05
4.52696e-05
4.58935e-05
3.91906e-05
5.31797e-05
4.51854e-05
4.66916e-05
4.66572e-05
4.67219e-05
3.82606e-05
4.85326e-05
2.8995e-05
3.09483e-05
2.8995e-05
3.29016e-05
2.8995e-05
2.8995e-05
2.8995e-05
3.29016e-05
3.87615e-05
3.87615e-05
2.8995e-05
2.8995e-05
2.8995e-05
4.07148e-05
4.07148e-05
3.87615e-05
5.59789e-05
2.8995e-05
2.8995e-05
2.8995e-05
3.36492e-05
6.76796e-05
6.16274e-05
3.53641e-05
3.53641e-05
2.99603e-05
3.00145e-05
2.99603e-05
2.99603e-05
2.99603e-05
2.99603e-05
2.99654e-05
2.99603e-05
3.00145e-05
3.00145e-05
3.00145e-05
2.99603e-05
3.00145e-05
3.00145e-05
2.99603e-05
3.15394e-05
2.99654e-05
3.00145e-05
3.00145e-05
3.00145e-05
3.00854e-05
2.99112e-05
2.99654e-05
3.01345e-05
3.05877e-05
3.01836e-05
3.04693e-05
2.99112e-05
3.00196e-05
2.99654e-05
2.99112e-05
3.20374e-05
3.36953e-05
3.10428e-05
3.00145e-05
2.99603e-05
2.99654e-05
2.99112e-05
2.99112e-05
2.99603e-05
2.99112e-05
2.99112e-05
2.88335e-05
2.9918e-05
3.00417e-05
3.00016e-05
3.01186e-05
3.00832e-05
3.10149e-05
2.93451e-05
3.08768e-05
3.20241e-05
3.01307e-05
3.10634e-05
3.17249e-05
3.24189e-05
2.88335e-05
2.9128e-05
3.12144e-05
2.9128e-05
2.9128e-05
2.9128e-05
2.9128e-05
2.9128e-05
2.87448e-05
2.87448e-05
2.87448e-05
2.87448e-05
2.87448e-05
3.10651e-05
2.93862e-05
2.93862e-05
2.93862e-05
3.00317e-05
3.00317e-05
2.90534e-05
2.89909e-05
2.89909e-05
2.89909e-05
2.89909e-05
2.89909e-05
2.89909e-05
2.83943e-05
2.83943e-05
2.83943e-05
2.8148e-05
2.8727e-05
2.8727e-05
2.8727e-05
2.8727e-05
2.77544e-05
3.00277e-05
3.09438e-05
2.83943e-05
2.83943e-05
2.83943e-05
2.92032e-05
2.92032e-05
2.92032e-05
2.78095e-05
2.78095e-05
2.78095e-05
2.78095e-05
2.78095e-05
2.78095e-05
2.78095e-05
2.78095e-05
2.78095e-05
3.3952e-05
3.24163e-05
2.78095e-05
2.78095e-05
2.78095e-05
2.78095e-05
2.89032e-05
2.89032e-05
2.77664e-05
2.78405e-05
2.84566e-05
2.84566e-05
2.98715e-05
2.87893e-05
2.77664e-05
2.77664e-05
2.84566e-05
2.84566e-05
2.82312e-05
3.91735e-05
3.89978e-05
2.82312e-05
2.86519e-05
2.86519e-05
2.86519e-05
2.86618e-05
2.86618e-05
2.86618e-05
2.85867e-05
2.85867e-05
2.85867e-05
2.85867e-05
2.85786e-05
2.85786e-05
2.85786e-05
2.85786e-05
2.85786e-05
2.86726e-05
2.86726e-05
2.85093e-05
2.85093e-05
2.85093e-05
2.85093e-05
2.85093e-05
2.85093e-05
2.86726e-05
2.86726e-05
2.86191e-05
2.86191e-05
2.86191e-05
2.86191e-05
2.78091e-05
2.85325e-05
2.85325e-05
2.85325e-05
2.85325e-05
2.85325e-05
2.85325e-05
2.85325e-05
2.85325e-05
2.88451e-05
2.85124e-05
2.85124e-05
2.85124e-05
2.85124e-05
2.85124e-05
2.88451e-05
2.85124e-05
2.85124e-05
2.87108e-05
2.87108e-05
2.90436e-05
2.87108e-05
2.87108e-05
2.93924e-05
2.8816e-05
2.86603e-05
2.86603e-05
2.86603e-05
2.86603e-05
2.86603e-05
2.90075e-05
2.88401e-05
2.88401e-05
2.86747e-05
2.87783e-05
2.87783e-05
2.87783e-05
2.91111e-05
2.87783e-05
2.87783e-05
2.85406e-05
2.85406e-05
2.85406e-05
2.85406e-05
2.85406e-05
2.85406e-05
2.86564e-05
2.86564e-05
2.86564e-05
2.86564e-05
2.86564e-05
2.86564e-05
2.83236e-05
2.83236e-05
2.83236e-05
2.83236e-05
2.83236e-05
2.83236e-05
2.83236e-05
2.83236e-05
2.85294e-05
2.85294e-05
2.88622e-05
2.85294e-05
2.85294e-05
2.85294e-05
2.85294e-05
2.88073e-05
2.88073e-05
2.88073e-05
2.88073e-05
2.88073e-05
2.88073e-05
2.86976e-05
3.01843e-05
3.01843e-05
2.87193e-05
2.86519e-05
2.86519e-05
2.86484e-05
2.86484e-05
2.86484e-05
2.86088e-05
2.86088e-05
2.86088e-05
2.86088e-05
2.86088e-05
2.86088e-05
2.79154e-05
2.79154e-05
2.78858e-05
2.86706e-05
2.86726e-05
2.86726e-05
2.85497e-05
2.85497e-05
2.94869e-05
2.85497e-05
2.85497e-05
2.86314e-05
2.86314e-05
2.86314e-05
2.9777e-05
2.9777e-05
2.9777e-05
2.9777e-05
2.77481e-05
2.84152e-05
2.84152e-05
2.84152e-05
2.84152e-05
2.84152e-05
2.84152e-05
2.84152e-05
2.92696e-05
2.87942e-05
3.14063e-05
2.88799e-05
2.83575e-05
2.83046e-05
2.82608e-05
2.82161e-05
2.84052e-05
2.8316e-05
2.84228e-05
3.11428e-05
3.11428e-05
3.19367e-05
3.0467e-05
3.0467e-05
2.90365e-05
2.90365e-05
2.90365e-05
2.94408e-05
3.35824e-05
3.2521e-05
2.94408e-05
3.40561e-05
2.78949e-05
2.91049e-05
2.9547e-05
2.78949e-05
2.9547e-05
2.9547e-05
2.91049e-05
3.2521e-05
2.86893e-05
2.86893e-05
2.87851e-05
2.87851e-05
2.87851e-05
2.93863e-05
2.93863e-05
2.89442e-05
2.85287e-05
2.85287e-05
2.85287e-05
2.88185e-05
2.88185e-05
2.88185e-05
2.88185e-05
2.91351e-05
2.91351e-05
2.91351e-05
2.91351e-05
2.91351e-05
2.91303e-05
2.91303e-05
2.94216e-05
2.94216e-05
2.94216e-05
2.94216e-05
2.94216e-05
2.94216e-05
2.87322e-05
2.87322e-05
2.79278e-05
2.87322e-05
2.87322e-05
2.87956e-05
2.87956e-05
2.87956e-05
2.92073e-05
2.92073e-05
3.01971e-05
3.01971e-05
3.19231e-05
3.19231e-05
3.35363e-05
3.19231e-05
2.85315e-05
2.85315e-05
2.87677e-05
2.7957e-05
2.87677e-05
3.1799e-05
3.03258e-05
2.87513e-05
2.92013e-05
2.79226e-05
2.87513e-05
2.78146e-05
2.89707e-05
2.85287e-05
2.85287e-05
2.85287e-05
2.85287e-05
2.93042e-05
2.93042e-05
2.93042e-05
2.93831e-05
2.93831e-05
2.78943e-05
2.87072e-05
2.78943e-05
2.87797e-05
2.79291e-05
2.87797e-05
2.87797e-05
2.86488e-05
2.86488e-05
2.86488e-05
2.87496e-05
2.87496e-05
2.87496e-05
2.87496e-05
2.88413e-05
2.89717e-05
2.87864e-05
3.03666e-05
2.99695e-05
2.90135e-05
3.11109e-05
2.83882e-05
3.07828e-05
2.83144e-05
2.89208e-05
2.83356e-05
2.94754e-05
2.8398e-05
3.04123e-05
3.09015e-05
2.94787e-05
3.02889e-05
3.02889e-05
3.02889e-05
3.13969e-05
2.95579e-05
2.95579e-05
2.95579e-05
2.95579e-05
2.95579e-05
2.94766e-05
3.00402e-05
2.87722e-05
3.05956e-05
2.97079e-05
2.97079e-05
2.97079e-05
3.03346e-05
3.03346e-05
2.88122e-05
3.00289e-05
3.00289e-05
3.03478e-05
3.00289e-05
3.00289e-05
3.00289e-05
3.00289e-05
3.10943e-05
2.98993e-05
2.9772e-05
2.9772e-05
2.9772e-05
2.9772e-05
2.85255e-05
3.03942e-05
3.04896e-05
3.03826e-05
2.85255e-05
2.85255e-05
2.85255e-05
2.91876e-05
3.00333e-05
2.85853e-05
3.00333e-05
3.00333e-05
2.89376e-05
2.89376e-05
2.89376e-05
2.91812e-05
2.91812e-05
2.94057e-05
2.9286e-05
3.08081e-05
3.10859e-05
3.10859e-05
2.95028e-05
2.95028e-05
3.00371e-05
2.86006e-05
2.8882e-05
2.88767e-05
2.89125e-05
2.88767e-05
2.88767e-05
2.88767e-05
2.88767e-05
2.94158e-05
2.85749e-05
2.85749e-05
2.85749e-05
2.85749e-05
3.27136e-05
2.86873e-05
2.86873e-05
3.03372e-05
2.99062e-05
2.99062e-05
2.99062e-05
2.83858e-05
2.83858e-05
2.83858e-05
2.83858e-05
2.83858e-05
2.83858e-05
2.83858e-05
2.83858e-05
2.88382e-05
2.86285e-05
2.86285e-05
2.86285e-05
2.86285e-05
2.86285e-05
2.86285e-05
2.86285e-05
2.86285e-05
2.925e-05
2.925e-05
2.925e-05
2.9397e-05
2.9397e-05
2.85814e-05
2.9397e-05
2.96779e-05
3.08729e-05
2.96779e-05
2.96779e-05
2.91117e-05
2.91117e-05
2.91117e-05
2.93434e-05
2.93434e-05
2.93434e-05
2.93434e-05
2.8867e-05
2.8867e-05
2.8867e-05
2.8867e-05
2.8867e-05
2.8867e-05
2.8867e-05
2.8867e-05
3.00492e-05
2.92598e-05
2.92598e-05
2.85288e-05
2.85288e-05
2.85288e-05
2.85288e-05
2.85288e-05
2.85288e-05
2.85288e-05
2.85288e-05
2.85288e-05
3.0491e-05
2.9296e-05
2.9296e-05
2.9296e-05
2.9296e-05
2.8991e-05
2.8991e-05
3.04997e-05
2.8991e-05
2.8991e-05
2.84752e-05
2.84752e-05
2.84752e-05
2.84752e-05
2.84752e-05
2.84752e-05
2.92069e-05
2.86117e-05
2.86117e-05
2.86117e-05
2.95563e-05
2.86816e-05
2.86816e-05
2.86816e-05
2.85531e-05
2.85531e-05
2.85531e-05
2.85531e-05
2.85531e-05
2.92023e-05
3.00692e-05
2.92044e-05
3.01692e-05
2.952e-05
3.02388e-05
3.27949e-05
2.9742e-05
2.9742e-05
3.06389e-05
2.95699e-05
2.86952e-05
2.9703e-05
2.9703e-05
2.82483e-05
2.82483e-05
2.82483e-05
2.90832e-05
2.82483e-05
2.82483e-05
2.82483e-05
2.82483e-05
2.82483e-05
2.75173e-05
2.82483e-05
2.8694e-05
2.93681e-05
2.97011e-05
2.87434e-05
2.87269e-05
2.93519e-05
2.86216e-05
2.86001e-05
3.0193e-05
2.97779e-05
2.8574e-05
2.80975e-05
2.80975e-05
2.8574e-05
2.8574e-05
3.71203e-05
3.04424e-05
2.80975e-05
2.85911e-05
3.20004e-05
2.90675e-05
2.90675e-05
2.90675e-05
2.90675e-05
3.1524e-05
2.90847e-05
7.86143e-05
2.99745e-05
2.80975e-05
2.80975e-05
2.80975e-05
2.80975e-05
2.80975e-05
2.80975e-05
2.80975e-05
2.93529e-05
2.93529e-05
2.82686e-05
2.93529e-05
2.93529e-05
2.93529e-05
2.93529e-05
2.82479e-05
2.93127e-05
2.93127e-05
2.93127e-05
2.93127e-05
2.87759e-05
2.89531e-05
2.87759e-05
2.86375e-05
2.88147e-05
2.86375e-05
2.86375e-05
2.86375e-05
2.88636e-05
2.88636e-05
2.86864e-05
2.86864e-05
2.86864e-05
2.871e-05
2.871e-05
2.871e-05
2.871e-05
3.35937e-05
2.97453e-05
2.83935e-05
2.83935e-05
2.83935e-05
2.83935e-05
2.83935e-05
2.83935e-05
2.83935e-05
2.83935e-05
2.83935e-05
2.83935e-05
2.83935e-05
2.83935e-05
2.78001e-05
2.78001e-05
2.78001e-05
2.90367e-05
3.00342e-05
2.90367e-05
2.80392e-05
2.80392e-05
2.80392e-05
2.90367e-05
2.90367e-05
2.80392e-05
2.80392e-05
2.80392e-05
2.80392e-05
2.80392e-05
2.82164e-05
2.82164e-05
2.82164e-05
2.80392e-05
2.80392e-05
2.80392e-05
2.80392e-05
2.80392e-05
2.80392e-05
2.80392e-05
2.80392e-05
2.83949e-05
2.92571e-05
3.0591e-05
2.89683e-05
2.94447e-05
2.94447e-05
2.91374e-05
2.97335e-05
2.94447e-05
2.91455e-05
2.91455e-05
2.86794e-05
2.89683e-05
2.91455e-05
2.96608e-05
2.86794e-05
2.89683e-05
2.86794e-05
2.89683e-05
2.89683e-05
2.86794e-05
3.21491e-05
3.13897e-05
3.0923e-05
3.22079e-05
2.99897e-05
2.78383e-05
2.9706e-05
2.82775e-05
3.05054e-05
2.96872e-05
2.96872e-05
2.96872e-05
3.01539e-05
2.99897e-05
2.87539e-05
3.01539e-05
3.01539e-05
3.09133e-05
2.87441e-05
2.92296e-05
3.04957e-05
2.92108e-05
2.96775e-05
2.87441e-05
2.87441e-05
2.96642e-05
2.96962e-05
2.96962e-05
2.96642e-05
2.96642e-05
2.96642e-05
2.96642e-05
2.96642e-05
3.50519e-05
2.82775e-05
2.82775e-05
2.82775e-05
2.82775e-05
2.82775e-05
2.82775e-05
3.09627e-05
2.8675e-05
2.8675e-05
2.8675e-05
2.8675e-05
2.89048e-05
2.83348e-05
2.83712e-05
3.04662e-05
2.91616e-05
2.89697e-05
2.92741e-05
2.90511e-05
2.84418e-05
2.83342e-05
2.84586e-05
2.84418e-05
2.86882e-05
2.92645e-05
2.86589e-05
2.8706e-05
2.87553e-05
2.87553e-05
2.8491e-05
2.8491e-05
3.82589e-05
3.89212e-05
3.80799e-05
3.84146e-05
3.89333e-05
3.89656e-05
3.86301e-05
4.05025e-05
2.77572e-05
2.78855e-05
2.78855e-05
2.77572e-05
2.74594e-05
2.84728e-05
2.82238e-05
2.77435e-05
2.77572e-05
2.77572e-05
2.77572e-05
2.75946e-05
2.75946e-05
2.95475e-05
2.75946e-05
2.82367e-05
2.82367e-05
2.82367e-05
2.75946e-05
2.89244e-05
3.20832e-05
2.82367e-05
6.32475e-05
2.80193e-05
2.80193e-05
2.80193e-05
2.76119e-05
2.76119e-05
2.8569e-05
2.8569e-05
2.80193e-05
2.8569e-05
2.9196e-05
2.9196e-05
2.9196e-05
2.9196e-05
2.91219e-05
2.8569e-05
2.80735e-05
2.80193e-05
2.97088e-05
3.04879e-05
2.82568e-05
2.8544e-05
2.8544e-05
2.78993e-05
2.78993e-05
2.78993e-05
2.78993e-05
2.78993e-05
2.78993e-05
2.78993e-05
3.01218e-05
3.01218e-05
2.78993e-05
2.74837e-05
2.83149e-05
2.86937e-05
2.74837e-05
2.86937e-05
2.74837e-05
2.78993e-05
2.78993e-05
2.85576e-05
3.29682e-05
2.86103e-05
2.83872e-05
2.86469e-05
2.86143e-05
2.86103e-05
2.86143e-05
2.86143e-05
2.73614e-05
2.73614e-05
2.72015e-05
2.73614e-05
2.73614e-05
2.73614e-05
2.72015e-05
2.72015e-05
2.72015e-05
2.73614e-05
2.73614e-05
2.72015e-05
2.73614e-05
2.72015e-05
2.72015e-05
2.72015e-05
2.72015e-05
2.72015e-05
2.73614e-05
2.73614e-05
2.72015e-05
2.72015e-05
2.72015e-05
2.72015e-05
2.72015e-05
2.72015e-05
2.72015e-05
2.72015e-05
2.72015e-05
2.72015e-05
2.72015e-05
2.72015e-05
2.72015e-05
2.72015e-05
2.72015e-05
2.72015e-05
2.72015e-05
2.72015e-05
2.72015e-05
2.72015e-05
2.72015e-05
2.72015e-05
2.72015e-05
2.72015e-05
2.72015e-05
2.72015e-05
2.72015e-05
2.72015e-05
2.72015e-05
2.72015e-05
2.72015e-05
2.72015e-05
2.72015e-05
2.72015e-05
2.72015e-05
2.72015e-05
2.72015e-05
2.72015e-05
2.73614e-05
2.72015e-05
2.72015e-05
2.72015e-05
2.72015e-05
2.72015e-05
2.72015e-05
2.72015e-05
2.72015e-05
2.72015e-05
2.72015e-05
2.72015e-05
2.72015e-05
2.72015e-05
2.72015e-05
2.72015e-05
2.72015e-05
2.72015e-05
2.72015e-05
2.72015e-05
2.72015e-05
2.72015e-05
2.72015e-05
2.72015e-05
2.72015e-05
2.72015e-05
2.72015e-05
2.72015e-05
2.72015e-05
2.72015e-05
2.72015e-05
2.72015e-05
2.72015e-05
2.72015e-05
2.72015e-05
2.72015e-05
2.72015e-05
2.72015e-05
2.72015e-05
2.72015e-05
2.72015e-05
2.72015e-05
2.72015e-05
2.72015e-05
2.72015e-05
2.72015e-05
2.72015e-05
2.72015e-05
2.72015e-05
2.72015e-05
2.72015e-05
2.72015e-05
2.72015e-05
2.72015e-05
2.72015e-05
2.72015e-05
2.72015e-05
2.72015e-05
2.72015e-05
2.72015e-05
2.72015e-05
2.72015e-05
2.72015e-05
2.72015e-05
2.72015e-05
2.72015e-05
2.72015e-05
2.72015e-05
2.72015e-05
2.72015e-05
2.72015e-05
2.72015e-05
2.72015e-05
2.72015e-05
2.72015e-05
2.72015e-05
2.72015e-05
2.72015e-05
2.72015e-05
2.73215e-05
2.73215e-05
2.73215e-05
2.73215e-05
2.73215e-05
2.73215e-05
2.73215e-05
2.73215e-05
2.73215e-05
2.73215e-05
2.73215e-05
2.73215e-05
2.73215e-05
2.73215e-05
2.73215e-05
2.73215e-05
2.76194e-05
2.72015e-05
2.8636e-05
2.87086e-05
2.85955e-05
2.87542e-05
2.87574e-05
2.78175e-05
2.78175e-05
2.85307e-05
2.92326e-05
2.92326e-05
2.86681e-05
2.92326e-05
2.92326e-05
2.83063e-05
2.83063e-05
2.86159e-05
2.85576e-05
2.85979e-05
2.85979e-05
2.78823e-05
2.85979e-05
2.85979e-05
2.86932e-05
2.85695e-05
2.939e-05
2.939e-05
2.939e-05
2.939e-05
2.939e-05
2.81044e-05
2.85828e-05
2.85944e-05
2.86932e-05
2.86932e-05
2.89833e-05
3.45132e-05
3.37291e-05
3.14436e-05
2.99464e-05
2.99623e-05
2.99619e-05
2.85388e-05
2.87119e-05
2.92377e-05
2.92377e-05
2.92377e-05
2.92377e-05
2.92377e-05
2.92377e-05
2.92377e-05
2.92377e-05
2.92377e-05
2.8197e-05
2.8197e-05
2.80199e-05
2.84937e-05
2.84937e-05
2.80199e-05
2.8197e-05
2.84937e-05
2.80199e-05
2.84937e-05
2.8197e-05
2.80199e-05
2.80199e-05
2.84937e-05
2.80199e-05
2.80199e-05
2.80199e-05
2.83165e-05
2.80199e-05
2.84937e-05
2.89202e-05
2.80199e-05
2.80199e-05
2.84937e-05
2.88797e-05
2.94255e-05
2.88797e-05
2.80199e-05
2.80199e-05
2.9114e-05
3.01202e-05
2.85768e-05
2.85768e-05
2.8103e-05
3.06019e-05
2.8103e-05
2.8103e-05
2.8103e-05
2.85768e-05
2.8103e-05
2.85768e-05
2.8103e-05
2.8103e-05
2.8103e-05
2.86323e-05
2.86323e-05
2.86323e-05
2.86323e-05
2.86323e-05
2.81585e-05
2.86323e-05
2.86323e-05
2.86323e-05
2.86323e-05
2.81585e-05
2.81585e-05
2.81585e-05
2.81585e-05
2.86323e-05
2.81585e-05
2.86323e-05
2.90588e-05
2.81585e-05
2.77844e-05
3.00461e-05
3.00528e-05
2.88456e-05
2.88456e-05
2.79617e-05
2.88456e-05
2.90779e-05
3.0139e-05
2.91143e-05
2.91969e-05
2.90197e-05
2.77844e-05
2.97699e-05
2.86759e-05
2.77844e-05
2.79617e-05
3.80304e-05
2.79617e-05
2.79617e-05
2.79617e-05
2.79617e-05
2.79617e-05
2.79617e-05
2.83042e-05
2.83042e-05
2.8778e-05
2.83042e-05
2.8778e-05
2.83042e-05
2.83042e-05
2.8778e-05
2.8778e-05
2.83042e-05
2.95668e-05
2.86009e-05
2.8778e-05
2.83042e-05
2.88601e-05
2.8778e-05
2.83042e-05
2.8778e-05
2.92046e-05
2.75914e-05
2.81552e-05
2.81552e-05
2.81552e-05
2.81552e-05
2.81552e-05
2.75914e-05
2.75914e-05
2.75914e-05
2.75914e-05
2.75914e-05
2.75914e-05
2.75914e-05
2.75914e-05
2.75914e-05
2.75914e-05
2.75914e-05
2.75914e-05
2.75914e-05
2.75914e-05
2.75914e-05
2.75914e-05
2.75914e-05
2.75914e-05
2.75914e-05
2.75914e-05
2.75914e-05
2.81411e-05
2.75914e-05
2.75914e-05
2.75372e-05
2.75914e-05
2.75914e-05
2.79067e-05
2.81411e-05
2.75914e-05
2.75914e-05
2.75914e-05
2.75914e-05
2.74631e-05
2.75914e-05
2.75914e-05
2.75914e-05
2.75914e-05
2.75914e-05
2.75914e-05
2.75914e-05
2.75914e-05
2.75914e-05
2.75914e-05
2.75914e-05
2.75914e-05
2.75914e-05
2.75914e-05
2.75914e-05
2.75914e-05
2.75914e-05
2.75914e-05
2.75914e-05
2.75914e-05
2.75914e-05
2.75914e-05
2.75914e-05
2.75914e-05
2.81411e-05
2.75914e-05
2.75914e-05
2.75914e-05
2.75914e-05
2.75914e-05
2.75914e-05
2.75914e-05
2.75914e-05
2.75914e-05
2.75172e-05
2.75914e-05
2.75914e-05
2.75914e-05
2.75914e-05
2.75914e-05
2.75914e-05
2.75914e-05
2.75914e-05
2.75914e-05
2.75914e-05
2.75914e-05
2.75914e-05
2.75914e-05
2.75914e-05
2.75914e-05
2.75914e-05
2.75914e-05
2.75914e-05
2.75914e-05
2.75914e-05
2.75914e-05
2.75914e-05
2.75914e-05
2.75914e-05
2.75914e-05
2.75914e-05
2.75914e-05
2.75914e-05
2.75914e-05
2.75914e-05
2.75914e-05
2.75914e-05
2.75914e-05
2.75914e-05
2.75914e-05
2.75914e-05
2.75914e-05
2.75914e-05
2.75914e-05
2.75914e-05
2.75914e-05
2.75914e-05
2.75914e-05
2.75914e-05
2.75914e-05
2.75914e-05
2.75914e-05
2.75914e-05
2.79679e-05
2.79679e-05
2.79679e-05
2.79679e-05
2.79679e-05
2.79679e-05
2.79679e-05
2.79679e-05
2.79679e-05
2.79679e-05
2.79679e-05
2.79679e-05
2.79679e-05
2.79679e-05
2.79679e-05
2.79679e-05
2.79679e-05
2.88683e-05
2.77988e-05
2.77988e-05
2.77988e-05
2.77988e-05
2.84818e-05
2.77988e-05
2.77988e-05
2.77988e-05
2.77988e-05
2.77988e-05
2.77988e-05
2.77988e-05
2.77988e-05
2.77988e-05
2.77988e-05
2.77988e-05
2.77988e-05
2.77988e-05
2.77988e-05
2.77988e-05
2.84608e-05
2.77988e-05
2.84608e-05
2.77988e-05
2.79755e-05
2.87654e-05
2.89093e-05
2.79755e-05
2.79755e-05
2.88603e-05
2.79755e-05
2.79755e-05
2.78472e-05
2.79755e-05
2.79755e-05
2.79755e-05
2.79755e-05
2.79755e-05
2.73744e-05
2.73744e-05
2.73744e-05
2.73744e-05
2.73744e-05
2.73744e-05
2.73744e-05
2.73744e-05
2.73744e-05
2.73744e-05
2.73744e-05
2.73744e-05
2.73744e-05
2.73744e-05
2.73744e-05
2.73744e-05
2.73744e-05
2.73744e-05
2.82971e-05
2.73744e-05
2.82971e-05
2.82971e-05
2.82971e-05
2.73744e-05
2.73744e-05
2.73744e-05
2.73744e-05
2.73744e-05
2.73744e-05
2.84588e-05
2.82342e-05
2.82342e-05
2.73744e-05
2.82342e-05
2.82342e-05
2.82342e-05
2.82342e-05
2.82342e-05
2.79351e-05
2.79856e-05
2.73744e-05
2.73744e-05
2.94083e-05
2.80503e-05
2.94083e-05
2.83265e-05
2.83265e-05
2.87932e-05
2.87932e-05
2.87932e-05
2.73744e-05
2.73744e-05
2.73744e-05
2.73744e-05
2.73744e-05
2.73744e-05
2.73744e-05
2.73744e-05
2.73744e-05
2.73744e-05
2.73744e-05
2.73744e-05
2.73744e-05
2.73744e-05
2.82342e-05
2.73744e-05
2.73744e-05
2.80503e-05
2.73744e-05
2.73744e-05
2.73744e-05
2.77175e-05
2.77175e-05
2.77175e-05
2.77175e-05
2.77175e-05
2.90109e-05
2.90109e-05
2.89961e-05
2.89049e-05
2.89049e-05
2.88421e-05
2.88421e-05
2.73906e-05
2.73906e-05
2.73906e-05
2.73906e-05
2.73906e-05
2.73906e-05
2.77175e-05
2.77175e-05
2.73906e-05
2.77175e-05
2.77175e-05
2.77175e-05
2.77175e-05
2.77175e-05
2.77175e-05
2.77175e-05
2.77175e-05
2.75181e-05
2.7969e-05
3.14667e-05
2.77947e-05
2.75181e-05
2.75181e-05
2.75181e-05
2.96134e-05
2.84095e-05
2.90271e-05
3.088e-05
2.75181e-05
2.86619e-05
2.86619e-05
2.8806e-05
2.8162e-05
2.8162e-05
2.8162e-05
2.8162e-05
2.86531e-05
2.86531e-05
2.93225e-05
2.84203e-05
2.75181e-05
2.75181e-05
2.75181e-05
2.75181e-05
2.75181e-05
2.75181e-05
2.75181e-05
2.75181e-05
2.75181e-05
2.75181e-05
2.75181e-05
2.75181e-05
2.75181e-05
2.75181e-05
2.81841e-05
2.81841e-05
2.94514e-05
2.94514e-05
2.88273e-05
2.88273e-05
2.81841e-05
2.81841e-05
3.53515e-05
2.75327e-05
2.75327e-05
2.75327e-05
2.75327e-05
2.75327e-05
2.75327e-05
2.75327e-05
2.81156e-05
2.81156e-05
2.80238e-05
3.19523e-05
2.81156e-05
2.81156e-05
2.81156e-05
2.81156e-05
2.81156e-05
2.81156e-05
2.81156e-05
2.81156e-05
2.81156e-05
2.81156e-05
2.81156e-05
2.81156e-05
2.81156e-05
2.81156e-05
2.81156e-05
2.81156e-05
2.81156e-05
2.81156e-05
2.81156e-05
2.81156e-05
2.81156e-05
2.81156e-05
2.81156e-05
2.81156e-05
2.81156e-05
2.81156e-05
2.81156e-05
2.81156e-05
2.81156e-05
2.81156e-05
2.81156e-05
2.82415e-05
2.82415e-05
2.82415e-05
2.82415e-05
2.82415e-05
2.82415e-05
2.82415e-05
2.82415e-05
2.82415e-05
2.84746e-05
2.84746e-05
2.83992e-05
2.83992e-05
2.83992e-05
2.83992e-05
2.83866e-05
3.28004e-05
2.83866e-05
2.83866e-05
2.83866e-05
2.8634e-05
2.83069e-05
2.83069e-05
2.83069e-05
2.83069e-05
2.83069e-05
2.83069e-05
2.80628e-05
2.80628e-05
2.80249e-05
2.90635e-05
2.76891e-05
2.77715e-05
2.82315e-05
3.71165e-05
2.83482e-05
2.83482e-05
2.83482e-05
2.83482e-05
2.83482e-05
2.83482e-05
2.83203e-05
2.83203e-05
2.83203e-05
2.83203e-05
2.83351e-05
2.97784e-05
3.08697e-05
2.83351e-05
2.8485e-05
5.58807e-05
2.799e-05
2.799e-05
2.80968e-05
2.97557e-05
2.80868e-05
2.76815e-05
2.80868e-05
2.79245e-05
2.77318e-05
2.77318e-05
2.77318e-05
2.77318e-05
2.90934e-05
2.77956e-05
2.77956e-05
2.9327e-05
2.78337e-05
2.78337e-05
2.78264e-05
2.78264e-05
2.91042e-05
2.77029e-05
2.76752e-05
2.76752e-05
2.76752e-05
2.76752e-05
2.90714e-05
2.75532e-05
2.8099e-05
2.89175e-05
3.10841e-05
2.82328e-05
2.81579e-05
2.81146e-05
2.81557e-05
2.81213e-05
2.80791e-05
2.78602e-05
2.82262e-05
2.8155e-05
2.75532e-05
2.75532e-05
2.898e-05
2.82459e-05
2.87661e-05
3.02055e-05
2.80201e-05
2.89402e-05
2.89402e-05
2.77987e-05
2.77987e-05
2.77987e-05
2.77987e-05
2.77987e-05
2.7846e-05
2.77483e-05
2.9372e-05
2.78524e-05
2.78289e-05
2.78289e-05
2.78289e-05
2.78289e-05
3.15351e-05
2.77557e-05
2.78546e-05
2.78546e-05
2.78546e-05
2.78546e-05
2.86548e-05
2.86548e-05
3.64199e-05
3.64199e-05
3.64199e-05
2.86548e-05
2.78672e-05
2.78672e-05
2.78672e-05
2.78672e-05
2.8785e-05
2.85997e-05
3.00463e-05
3.16301e-05
2.92354e-05
3.08299e-05
2.82222e-05
3.15195e-05
2.82207e-05
2.91426e-05
2.85961e-05
3.02429e-05
2.86492e-05
3.06343e-05
3.0238e-05
2.79102e-05
3.01119e-05
3.01119e-05
2.85523e-05
2.85523e-05
2.91137e-05
2.95247e-05
2.99733e-05
3.05612e-05
2.98358e-05
3.11659e-05
2.94536e-05
3.07715e-05
3.07715e-05
3.12201e-05
2.78669e-05
2.82779e-05
2.88415e-05
2.88415e-05
2.88415e-05
3.03636e-05
3.03636e-05
2.92234e-05
2.88415e-05
2.94181e-05
2.88544e-05
2.79774e-05
2.96083e-05
2.90154e-05
2.95353e-05
2.8564e-05
2.84498e-05
3.03512e-05
2.99006e-05
2.80909e-05
2.84853e-05
2.84853e-05
2.77037e-05
3.01532e-05
2.77037e-05
2.77037e-05
2.77037e-05
2.77037e-05
2.77037e-05
2.81523e-05
2.77037e-05
2.77037e-05
2.77037e-05
2.77037e-05
2.77037e-05
2.77037e-05
2.77037e-05
2.77037e-05
2.77037e-05
2.77037e-05
2.77037e-05
2.77037e-05
2.77037e-05
2.77037e-05
2.77037e-05
2.77037e-05
2.77037e-05
2.77037e-05
2.83657e-05
2.77037e-05
2.77037e-05
2.77037e-05
2.77037e-05
2.77037e-05
2.77037e-05
2.77037e-05
2.77037e-05
2.77037e-05
2.77037e-05
2.77037e-05
2.77037e-05
2.77037e-05
2.77037e-05
2.85467e-05
2.77037e-05
2.77037e-05
2.77037e-05
2.77037e-05
2.77037e-05
2.77037e-05
2.77037e-05
2.85086e-05
2.77037e-05
2.7857e-05
2.7857e-05
2.79252e-05
3.00396e-05
2.78782e-05
2.8541e-05
2.8541e-05
2.78267e-05
2.78267e-05
2.78473e-05
2.78473e-05
2.78473e-05
2.79127e-05
2.82117e-05
2.88537e-05
2.80119e-05
2.80119e-05
2.97903e-05
2.90703e-05
2.86616e-05
2.77827e-05
2.86309e-05
2.78573e-05
2.78573e-05
2.86397e-05
2.7791e-05
2.8433e-05
3.09378e-05
2.94264e-05
2.95243e-05
3.06272e-05
2.77727e-05
2.86386e-05
2.86801e-05
2.86205e-05
2.74394e-05
2.74394e-05
2.80099e-05
2.74394e-05
2.74394e-05
2.81204e-05
2.81016e-05
2.9243e-05
2.74394e-05
2.74394e-05
2.80989e-05
2.80653e-05
2.74394e-05
2.74394e-05
2.8635e-05
2.74394e-05
2.74394e-05
2.74394e-05
2.74394e-05
2.87414e-05
2.81259e-05
2.81064e-05
3.00839e-05
2.7635e-05
2.7635e-05
2.7635e-05
2.7615e-05
2.74808e-05
2.80778e-05
2.82074e-05
2.82823e-05
2.8974e-05
2.83639e-05
2.83081e-05
2.84842e-05
2.82568e-05
2.82952e-05
2.81705e-05
2.82952e-05
2.83149e-05
2.85564e-05
2.79103e-05
2.91669e-05
2.86111e-05
2.86122e-05
2.8555e-05
2.72071e-05
2.72071e-05
2.72071e-05
2.78883e-05
2.8254e-05
2.85809e-05
2.8254e-05
2.8254e-05
2.8254e-05
2.8254e-05
2.73686e-05
2.8374e-05
2.8374e-05
4.16998e-05
4.18462e-05
4.03022e-05
4.17977e-05
4.27608e-05
4.43147e-05
4.05263e-05
3.87589e-05
4.14576e-05
4.53714e-05
4.32682e-05
2.77475e-05
2.76933e-05
2.76374e-05
2.82163e-05
2.76395e-05
2.73395e-05
2.73395e-05
2.73395e-05
2.73395e-05
2.73395e-05
2.76837e-05
2.76837e-05
2.76837e-05
2.76837e-05
2.95111e-05
2.87869e-05
2.76837e-05
2.76837e-05
2.76837e-05
2.76837e-05
2.76837e-05
2.76837e-05
2.76837e-05
2.76837e-05
2.76837e-05
2.76837e-05
2.88445e-05
2.76837e-05
2.83068e-05
2.76837e-05
2.76837e-05
2.76837e-05
2.76837e-05
2.76837e-05
2.74491e-05
2.74491e-05
2.74491e-05
2.74491e-05
2.74491e-05
2.74491e-05
2.74491e-05
2.74491e-05
2.74491e-05
2.74491e-05
2.74491e-05
2.74491e-05
2.74491e-05
2.76902e-05
2.76902e-05
2.83172e-05
2.85584e-05
2.76902e-05
2.74491e-05
2.74572e-05
2.77422e-05
2.77422e-05
2.77422e-05
2.73799e-05
2.73799e-05
2.73799e-05
2.73391e-05
2.72108e-05
2.72649e-05
2.73799e-05
2.74341e-05
2.73799e-05
2.74341e-05
2.73799e-05
2.74341e-05
2.71617e-05
2.71617e-05
2.71617e-05
2.71617e-05
2.71617e-05
2.73799e-05
2.72817e-05
2.72158e-05
2.7549e-05
2.7549e-05
2.73308e-05
2.73799e-05
2.73799e-05
2.73799e-05
2.73308e-05
2.71617e-05
2.72817e-05
2.72817e-05
2.72817e-05
2.72108e-05
2.72108e-05
2.72108e-05
2.72108e-05
2.72108e-05
2.72817e-05
2.72108e-05
2.72108e-05
2.72598e-05
2.72108e-05
2.72108e-05
2.72108e-05
2.72108e-05
2.72108e-05
2.72108e-05
2.72108e-05
2.72108e-05
2.72108e-05
2.72108e-05
2.73089e-05
2.72108e-05
2.72108e-05
2.72108e-05
2.72108e-05
2.72108e-05
2.72108e-05
2.72108e-05
2.72108e-05
2.72108e-05
2.72108e-05
2.72108e-05
2.72108e-05
2.72108e-05
2.72108e-05
2.72108e-05
2.72108e-05
2.72108e-05
2.72108e-05
2.72108e-05
2.72108e-05
2.72108e-05
2.72108e-05
2.72108e-05
2.72108e-05
2.73308e-05
2.72108e-05
2.72108e-05
2.72108e-05
2.72108e-05
2.72108e-05
2.72108e-05
2.72108e-05
2.72108e-05
2.72108e-05
2.72108e-05
2.72108e-05
2.72108e-05
2.72108e-05
2.72108e-05
2.72108e-05
2.72108e-05
2.72108e-05
2.72108e-05
2.72108e-05
2.72108e-05
2.72108e-05
2.72108e-05
2.72108e-05
2.72108e-05
2.71617e-05
2.71617e-05
2.71617e-05
2.71617e-05
2.71617e-05
2.71617e-05
2.71617e-05
2.71617e-05
2.71617e-05
2.71617e-05
2.71617e-05
2.71617e-05
2.71617e-05
2.71617e-05
2.71617e-05
2.71617e-05
2.71617e-05
2.71617e-05
2.71617e-05
2.71617e-05
2.71617e-05
2.71617e-05
2.71617e-05
2.71617e-05
2.71617e-05
2.71617e-05
2.71617e-05
2.71617e-05
2.71617e-05
2.71617e-05
2.71617e-05
2.71617e-05
2.71617e-05
2.71617e-05
2.71617e-05
2.71617e-05
2.72108e-05
2.71617e-05
2.71617e-05
2.71617e-05
2.71617e-05
2.71617e-05
2.71617e-05
2.72108e-05
2.72108e-05
2.72108e-05
2.72108e-05
2.72108e-05
2.72108e-05
2.72108e-05
2.72108e-05
2.72108e-05
2.71617e-05
2.77548e-05
2.76061e-05
2.82239e-05
2.76061e-05
2.76061e-05
2.76061e-05
2.76061e-05
2.76061e-05
2.77748e-05
2.77573e-05
2.78858e-05
2.84569e-05
2.84569e-05
2.78316e-05
2.78316e-05
2.84569e-05
2.84569e-05
2.84569e-05
2.84569e-05
2.84569e-05
2.84569e-05
2.84569e-05
2.84569e-05
2.84569e-05
2.84569e-05
2.84569e-05
2.78139e-05
2.7624e-05
2.7624e-05
2.7624e-05
2.7624e-05
2.74469e-05
2.74469e-05
2.7624e-05
2.7624e-05
2.7624e-05
2.7624e-05
2.7624e-05
2.7624e-05
2.7624e-05
2.7624e-05
2.7624e-05
2.7624e-05
2.7624e-05
2.7624e-05
2.7624e-05
2.7624e-05
2.7624e-05
2.7624e-05
2.7624e-05
2.7624e-05
2.7624e-05
2.74469e-05
2.7624e-05
2.7624e-05
2.7624e-05
2.7624e-05
2.7624e-05
2.74469e-05
2.7624e-05
2.7624e-05
2.7624e-05
2.7624e-05
2.7624e-05
2.7624e-05
2.74469e-05
2.7624e-05
2.77914e-05
2.8524e-05
2.77914e-05
2.77914e-05
2.74469e-05
2.77914e-05
2.74469e-05
2.77914e-05
2.77914e-05
2.77914e-05
2.77914e-05
2.77914e-05
2.77914e-05
2.77914e-05
2.74469e-05
2.74469e-05
2.74469e-05
2.80581e-05
2.80651e-05
2.78417e-05
2.78417e-05
2.78417e-05
2.88704e-05
2.79513e-05
2.79513e-05
2.79513e-05
2.79513e-05
2.79513e-05
2.79513e-05
2.79513e-05
2.77742e-05
2.79513e-05
2.79513e-05
2.81187e-05
2.81187e-05
2.77742e-05
2.81187e-05
2.89837e-05
2.78071e-05
2.78071e-05
2.78071e-05
2.78071e-05
2.763e-05
2.78071e-05
2.763e-05
2.78071e-05
2.763e-05
2.78071e-05
2.78071e-05
2.78071e-05
2.78071e-05
2.78071e-05
2.78071e-05
2.78071e-05
2.78071e-05
2.78071e-05
2.78071e-05
2.78071e-05
2.78071e-05
2.79744e-05
2.79744e-05
2.79744e-05
2.79744e-05
2.79744e-05
2.763e-05
2.79744e-05
2.79744e-05
2.87612e-05
2.79744e-05
2.79744e-05
2.763e-05
2.79607e-05
2.78284e-05
2.80055e-05
2.78284e-05
2.80055e-05
2.78284e-05
2.81729e-05
2.78284e-05
2.81729e-05
2.78284e-05
2.81729e-05
2.78284e-05
2.81729e-05
2.80793e-05
2.80793e-05
2.82467e-05
2.82467e-05
2.93246e-05
2.82467e-05
2.79022e-05
2.79022e-05
2.79022e-05
2.79969e-05
2.78466e-05
2.83944e-05
2.78466e-05
2.78466e-05
2.78466e-05
2.77924e-05
2.84749e-05
2.78466e-05
2.78466e-05
2.78466e-05
2.78466e-05
2.78466e-05
2.78466e-05
2.78466e-05
2.78466e-05
2.78466e-05
2.78466e-05
2.78466e-05
2.78466e-05
2.78466e-05
2.78466e-05
2.78466e-05
2.78466e-05
2.78466e-05
2.72828e-05
2.72828e-05
2.72828e-05
2.72828e-05
2.72828e-05
2.72828e-05
2.7524e-05
2.72828e-05
2.72286e-05
2.7524e-05
2.7524e-05
2.72828e-05
2.72828e-05
2.72828e-05
2.72828e-05
2.72828e-05
2.72828e-05
2.72828e-05
2.72828e-05
2.72828e-05
2.72828e-05
2.72828e-05
2.72828e-05
2.72828e-05
2.7524e-05
2.72828e-05
2.72828e-05
2.72828e-05
2.72828e-05
2.72828e-05
2.72828e-05
2.72828e-05
2.72828e-05
2.72828e-05
2.72286e-05
2.72828e-05
2.72828e-05
2.72828e-05
2.72828e-05
2.72828e-05
2.72828e-05
2.72828e-05
2.72828e-05
2.72828e-05
2.72828e-05
2.76594e-05
2.76594e-05
2.76594e-05
2.76594e-05
2.76594e-05
2.82771e-05
2.76052e-05
2.76594e-05
2.76052e-05
2.76594e-05
2.76594e-05
2.76594e-05
2.76594e-05
2.76594e-05
2.76594e-05
2.74903e-05
2.74903e-05
2.74903e-05
2.74903e-05
2.74903e-05
2.74903e-05
2.74903e-05
2.78847e-05
2.74903e-05
2.74903e-05
2.74903e-05
2.74903e-05
2.74903e-05
2.74903e-05
2.74903e-05
2.74903e-05
2.74903e-05
2.74903e-05
2.74903e-05
2.74903e-05
2.75644e-05
2.74903e-05
2.74903e-05
2.74903e-05
2.74903e-05
2.76669e-05
2.76669e-05
2.76669e-05
2.81196e-05
2.81196e-05
2.81196e-05
2.81196e-05
2.81196e-05
2.76245e-05
2.76245e-05
2.76245e-05
2.76245e-05
2.76245e-05
2.76245e-05
2.76245e-05
3.28707e-05
3.53988e-05
2.73487e-05
2.76481e-05
2.76481e-05
2.76481e-05
2.76481e-05
2.76481e-05
2.76552e-05
2.82025e-05
2.82025e-05
2.82025e-05
2.82025e-05
2.82025e-05
2.82025e-05
2.82025e-05
2.82025e-05
2.76537e-05
2.78506e-05
2.78506e-05
2.78506e-05
2.78506e-05
2.78506e-05
2.78506e-05
2.78506e-05
2.78506e-05
2.78506e-05
2.78506e-05
2.78506e-05
2.78506e-05
2.78506e-05
2.78506e-05
2.78506e-05
2.78506e-05
2.78506e-05
2.78506e-05
2.78506e-05
2.78506e-05
2.78506e-05
2.7594e-05
2.7594e-05
2.7594e-05
2.7594e-05
2.7594e-05
2.7594e-05
2.7594e-05
2.7594e-05
2.7594e-05
2.75217e-05
2.75217e-05
2.75217e-05
2.79643e-05
2.79643e-05
2.79643e-05
2.79643e-05
2.79643e-05
2.79643e-05
2.79643e-05
2.79643e-05
2.79643e-05
2.71683e-05
2.71683e-05
2.96644e-05
2.71683e-05
2.71683e-05
2.71683e-05
2.71683e-05
2.71683e-05
2.71683e-05
2.71683e-05
2.71683e-05
2.71683e-05
2.71683e-05
2.71683e-05
2.71683e-05
2.71683e-05
2.71683e-05
2.71683e-05
2.71683e-05
2.71683e-05
2.71683e-05
2.71683e-05
2.71683e-05
2.71683e-05
2.71683e-05
2.71683e-05
2.71683e-05
2.71683e-05
2.72173e-05
2.92624e-05
2.92624e-05
2.75581e-05
2.80745e-05
2.75581e-05
2.86685e-05
2.75581e-05
2.75581e-05
2.8152e-05
2.75581e-05
2.75581e-05
2.75978e-05
2.81539e-05
2.92104e-05
2.92104e-05
2.92104e-05
2.8126e-05
2.81446e-05
2.92476e-05
2.81446e-05
2.89455e-05
2.75875e-05
2.81446e-05
2.83997e-05
2.83997e-05
2.87613e-05
2.87613e-05
2.79015e-05
2.79015e-05
2.82318e-05
2.82318e-05
2.82318e-05
2.92298e-05
2.92298e-05
2.92298e-05
2.81357e-05
2.81357e-05
2.83087e-05
2.83087e-05
2.83087e-05
2.76589e-05
2.76589e-05
2.76589e-05
2.96542e-05
2.81607e-05
2.92798e-05
2.92798e-05
2.92798e-05
2.81607e-05
2.83852e-05
2.83265e-05
2.83265e-05
2.83265e-05
2.83265e-05
2.83265e-05
2.83265e-05
2.82589e-05
2.82589e-05
2.91056e-05
2.91056e-05
2.91056e-05
2.85717e-05
2.80736e-05
2.80736e-05
2.80736e-05
2.80736e-05
2.79271e-05
2.79271e-05
2.79271e-05
2.79271e-05
2.88125e-05
2.88125e-05
2.88125e-05
2.79271e-05
2.79271e-05
2.79271e-05
2.79271e-05
2.95763e-05
2.82291e-05
2.82291e-05
2.83007e-05
2.83007e-05
2.83007e-05
2.83888e-05
2.83298e-05
2.83298e-05
2.84465e-05
2.84465e-05
2.82055e-05
2.82055e-05
2.82055e-05
2.82055e-05
2.82055e-05
2.82055e-05
2.8208e-05
2.8208e-05
2.8208e-05
2.8208e-05
2.8208e-05
2.8208e-05
2.82427e-05
2.82427e-05
2.82427e-05
2.81771e-05
2.90012e-05
2.81771e-05
2.81771e-05
2.81771e-05
2.81771e-05
2.83582e-05
2.83582e-05
2.81662e-05
2.81662e-05
2.81662e-05
2.81662e-05
2.81662e-05
2.81662e-05
2.81662e-05
2.86897e-05
2.78657e-05
2.78657e-05
2.78657e-05
2.78657e-05
2.78657e-05
2.78657e-05
2.78657e-05
2.78657e-05
2.78657e-05
2.78657e-05
2.76053e-05
2.79293e-05
2.79293e-05
2.79293e-05
2.83857e-05
2.83857e-05
2.83857e-05
2.83857e-05
2.87308e-05
2.87308e-05
2.87308e-05
2.87308e-05
2.83525e-05
2.83525e-05
2.90321e-05
2.90321e-05
2.88626e-05
2.88626e-05
2.88626e-05
2.88626e-05
2.89625e-05
2.83465e-05
2.82217e-05
2.82217e-05
2.82217e-05
2.82217e-05
2.82217e-05
2.82217e-05
2.81685e-05
2.81685e-05
2.87863e-05
2.81685e-05
2.87863e-05
2.87863e-05
2.94042e-05
2.81827e-05
2.81827e-05
2.93237e-05
2.81827e-05
2.76857e-05
2.82671e-05
2.82671e-05
2.77009e-05
2.83123e-05
2.83123e-05
2.77337e-05
2.83534e-05
2.83534e-05
2.8318e-05
2.8318e-05
2.8318e-05
2.82325e-05
2.82325e-05
2.82325e-05
2.76525e-05
2.82325e-05
2.82325e-05
2.82325e-05
2.81766e-05
2.81766e-05
2.81766e-05
2.81766e-05
2.81766e-05
2.83151e-05
2.83151e-05
2.83151e-05
2.82442e-05
2.82442e-05
2.77113e-05
2.77113e-05
2.77113e-05
3.06453e-05
2.75352e-05
2.75352e-05
3.02727e-05
2.80288e-05
2.75352e-05
2.75352e-05
2.75352e-05
2.75352e-05
2.80288e-05
2.78119e-05
2.75352e-05
2.79986e-05
2.79986e-05
2.75352e-05
2.92926e-05
2.78119e-05
2.79986e-05
2.78119e-05
2.75352e-05
2.75352e-05
2.9016e-05
2.83055e-05
2.75352e-05
2.78119e-05
3.11182e-05
2.80288e-05
2.83055e-05
2.79986e-05
6.06559e-05
9.38516e-05
2.75352e-05
2.75352e-05
2.79986e-05
2.79986e-05
3.02388e-05
2.79986e-05
2.83257e-05
3.73285e-05
3.63716e-05
2.82753e-05
2.81758e-05
2.79986e-05
2.79986e-05
2.81758e-05
2.83531e-05
2.83531e-05
2.83531e-05
2.83531e-05
2.83531e-05
2.81758e-05
2.81758e-05
2.81758e-05
2.83531e-05
2.81758e-05
2.81758e-05
2.81758e-05
2.931e-05
2.81758e-05
2.81758e-05
2.83531e-05
2.81758e-05
2.81758e-05
2.81758e-05
2.78119e-05
2.79986e-05
2.79986e-05
2.79986e-05
2.79986e-05
2.79986e-05
2.79986e-05
2.79986e-05
2.90829e-05
2.90829e-05
2.90829e-05
2.73739e-05
2.83296e-05
2.83296e-05
2.80179e-05
2.80179e-05
2.83296e-05
2.83296e-05
2.73739e-05
2.76856e-05
2.76856e-05
2.76856e-05
2.78628e-05
2.76856e-05
2.76856e-05
2.76856e-05
2.78628e-05
2.78628e-05
2.76856e-05
2.76856e-05
2.76856e-05
2.76856e-05
2.76856e-05
2.76856e-05
2.76856e-05
2.76856e-05
2.76856e-05
2.76856e-05
2.76856e-05
2.76856e-05
5.25651e-05
3.04593e-05
3.04593e-05
3.04593e-05
3.04593e-05
3.04593e-05
3.4181e-05
3.75987e-05
3.04593e-05
3.48013e-05
3.04593e-05
3.04593e-05
3.04593e-05
3.04593e-05
3.04593e-05
3.04593e-05
3.04593e-05
3.04593e-05
2.79684e-05
2.7505e-05
2.7505e-05
2.7505e-05
2.7505e-05
2.7505e-05
2.7505e-05
2.7505e-05
3.07486e-05
2.79684e-05
2.79684e-05
2.7505e-05
2.7505e-05
2.79684e-05
2.7505e-05
2.7505e-05
2.7505e-05
2.7505e-05
2.79684e-05
2.7505e-05
2.7505e-05
2.7505e-05
2.88951e-05
2.7505e-05
2.7505e-05
2.7505e-05
2.7505e-05
2.88951e-05
2.79684e-05
2.7505e-05
2.7505e-05
2.88951e-05
2.79684e-05
2.79684e-05
2.79684e-05
2.7505e-05
2.7505e-05
2.79684e-05
2.7505e-05
2.9179e-05
2.79331e-05
2.81103e-05
2.79331e-05
2.79331e-05
2.85507e-05
2.85507e-05
2.79331e-05
2.85507e-05
3.16388e-05
2.82876e-05
2.79331e-05
2.79331e-05
2.85507e-05
2.79331e-05
2.79331e-05
2.79331e-05
2.79331e-05
2.79331e-05
2.78622e-05
2.77965e-05
2.81969e-05
2.76193e-05
2.76193e-05
2.76193e-05
2.73305e-05
2.73305e-05
2.73305e-05
2.73305e-05
2.73305e-05
2.73305e-05
2.73305e-05
2.76193e-05
2.73305e-05
2.76193e-05
2.75077e-05
2.75077e-05
2.75077e-05
2.75077e-05
2.75077e-05
2.75077e-05
2.75077e-05
2.75077e-05
2.76849e-05
2.75077e-05
2.80121e-05
2.75077e-05
2.76849e-05
2.73305e-05
2.73305e-05
2.73305e-05
2.73305e-05
2.79847e-05
2.73305e-05
2.73305e-05
2.73305e-05
2.73305e-05
2.83184e-05
2.73305e-05
2.73305e-05
2.73305e-05
2.73305e-05
2.73305e-05
2.73305e-05
2.73305e-05
2.73305e-05
2.73305e-05
2.73305e-05
2.80294e-05
2.73305e-05
2.73305e-05
2.73305e-05
2.80294e-05
2.75083e-05
2.75083e-05
2.7975e-05
2.7975e-05
2.7975e-05
2.75083e-05
2.76003e-05
2.79937e-05
2.79937e-05
2.79937e-05
2.79937e-05
2.75083e-05
2.75083e-05
2.75083e-05
2.75083e-05
2.75083e-05
2.75083e-05
2.75083e-05
2.75083e-05
2.75083e-05
2.75083e-05
2.75083e-05
2.75083e-05
2.75083e-05
2.75083e-05
2.75083e-05
2.75083e-05
2.75083e-05
2.75083e-05
2.75083e-05
2.75083e-05
2.75083e-05
2.75083e-05
2.75083e-05
2.75083e-05
2.75083e-05
2.75083e-05
2.75083e-05
2.79265e-05
2.79265e-05
2.79265e-05
2.79265e-05
2.81037e-05
2.81037e-05
2.81037e-05
2.79265e-05
2.79265e-05
2.79807e-05
2.79265e-05
2.79265e-05
2.79265e-05
2.79265e-05
2.79265e-05
2.79265e-05
2.79265e-05
2.79265e-05
2.79265e-05
3.124e-05
3.41331e-05
3.05873e-05
2.80912e-05
3.30835e-05
3.05873e-05
2.853e-05
2.81533e-05
2.81533e-05
2.91017e-05
2.86275e-05
2.89848e-05
2.81533e-05
2.81533e-05
2.81533e-05
2.81855e-05
2.81855e-05
2.81855e-05
2.81855e-05
2.81855e-05
2.81855e-05
2.81855e-05
2.81855e-05
2.75033e-05
2.84267e-05
2.75033e-05
2.75033e-05
2.75033e-05
2.79438e-05
2.79438e-05
2.79438e-05
2.79438e-05
2.79438e-05
2.85255e-05
2.83482e-05
2.83482e-05
2.76237e-05
2.76237e-05
2.81767e-05
2.81767e-05
2.81767e-05
2.81767e-05
2.81767e-05
2.82518e-05
2.82518e-05
2.82518e-05
2.82518e-05
2.82518e-05
2.82518e-05
2.83351e-05
2.83351e-05
2.81028e-05
2.81028e-05
2.81028e-05
2.81028e-05
2.81028e-05
2.93962e-05
2.81028e-05
2.83715e-05
2.83351e-05
2.89598e-05
2.76878e-05
2.76878e-05
2.83137e-05
2.8309e-05
2.90397e-05
2.83872e-05
2.73383e-05
2.73383e-05
2.75154e-05
2.73383e-05
2.75154e-05
2.75154e-05
2.73383e-05
2.73383e-05
2.73383e-05
2.75154e-05
2.73383e-05
2.75154e-05
2.75154e-05
2.75154e-05
2.75154e-05
2.73383e-05
2.75154e-05
2.73383e-05
2.73383e-05
2.73383e-05
2.73383e-05
2.75154e-05
2.73383e-05
2.73383e-05
2.73383e-05
2.73383e-05
2.75975e-05
2.75975e-05
2.8125e-05
2.72983e-05
2.717e-05
2.71158e-05
2.717e-05
2.717e-05
2.717e-05
2.72441e-05
2.717e-05
2.71158e-05
2.71158e-05
2.72441e-05
2.717e-05
2.72441e-05
2.717e-05
2.71158e-05
2.71158e-05
2.71158e-05
2.71158e-05
2.71158e-05
2.71158e-05
2.71899e-05
2.717e-05
2.71899e-05
2.71158e-05
2.71158e-05
2.717e-05
2.717e-05
2.717e-05
2.717e-05
2.71158e-05
2.71158e-05
2.717e-05
2.71158e-05
2.71158e-05
2.717e-05
2.717e-05
2.717e-05
2.717e-05
2.717e-05
2.717e-05
2.717e-05
2.717e-05
2.717e-05
2.72983e-05
2.717e-05
2.717e-05
2.717e-05
2.717e-05
2.717e-05
2.717e-05
2.717e-05
2.717e-05
2.717e-05
2.717e-05
2.717e-05
2.717e-05
2.717e-05
2.717e-05
2.717e-05
2.717e-05
2.717e-05
2.717e-05
2.717e-05
2.71158e-05
2.717e-05
2.717e-05
2.717e-05
2.717e-05
2.717e-05
2.717e-05
2.717e-05
2.717e-05
2.717e-05
2.717e-05
2.717e-05
2.717e-05
2.72241e-05
2.717e-05
2.717e-05
2.74801e-05
2.76258e-05
2.76258e-05
2.76258e-05
2.76258e-05
2.76258e-05
2.76258e-05
2.76258e-05
2.73337e-05
2.73337e-05
2.73337e-05
2.73337e-05
2.73337e-05
2.73337e-05
2.73337e-05
2.76258e-05
2.76258e-05
2.76258e-05
2.76258e-05
2.76258e-05
2.76258e-05
2.73337e-05
2.73337e-05
2.73337e-05
2.73337e-05
2.73337e-05
2.73337e-05
2.76258e-05
2.76258e-05
2.76258e-05
2.76258e-05
2.76258e-05
2.76258e-05
2.76258e-05
2.73337e-05
2.73337e-05
2.73337e-05
2.73337e-05
2.73337e-05
2.73337e-05
2.73337e-05
2.76258e-05
2.76258e-05
2.76258e-05
2.73337e-05
2.73337e-05
2.73337e-05
2.76258e-05
2.76258e-05
2.76258e-05
2.76258e-05
2.73337e-05
2.73337e-05
2.73337e-05
2.73337e-05
2.73337e-05
2.73337e-05
2.73337e-05
2.73337e-05
2.73337e-05
2.73337e-05
2.73337e-05
2.73337e-05
2.73337e-05
2.73337e-05
2.73337e-05
2.73337e-05
2.73337e-05
2.73337e-05
2.73337e-05
2.73337e-05
2.73337e-05
2.73337e-05
2.73337e-05
2.73337e-05
2.73337e-05
2.73337e-05
2.73337e-05
2.82267e-05
2.84405e-05
2.84405e-05
2.77406e-05
2.77406e-05
2.77406e-05
2.77406e-05
2.77406e-05
2.77406e-05
2.77406e-05
2.77406e-05
2.77406e-05
2.77406e-05
2.77406e-05
2.77406e-05
2.77406e-05
2.77406e-05
2.77406e-05
2.77406e-05
2.76528e-05
2.76528e-05
2.79436e-05
3.01442e-05
2.79436e-05
2.79668e-05
2.79668e-05
2.79668e-05
2.8144e-05
2.8144e-05
2.79668e-05
2.74926e-05
2.74926e-05
2.74926e-05
2.74926e-05
2.74926e-05
2.74926e-05
2.74926e-05
2.74926e-05
2.74926e-05
2.74926e-05
2.74926e-05
2.74926e-05
2.74926e-05
2.74926e-05
2.74926e-05
2.74926e-05
2.74926e-05
2.74926e-05
2.74926e-05
2.74926e-05
2.74926e-05
2.74926e-05
2.74926e-05
2.79668e-05
3.07422e-05
2.79668e-05
2.74926e-05
2.73183e-05
2.7595e-05
2.7595e-05
2.73183e-05
2.73183e-05
2.73183e-05
2.73183e-05
2.73183e-05
2.73183e-05
2.73183e-05
2.78717e-05
2.7595e-05
2.73183e-05
2.7595e-05
2.73183e-05
2.7595e-05
2.73183e-05
2.73183e-05
2.73183e-05
2.73183e-05
2.73183e-05
2.7595e-05
2.73183e-05
2.73183e-05
2.73183e-05
2.73183e-05
2.73183e-05
2.73183e-05
2.73183e-05
2.73183e-05
2.73183e-05
2.73183e-05
2.73183e-05
2.73183e-05
2.73183e-05
2.73183e-05
2.73183e-05
2.73183e-05
2.73183e-05
2.73183e-05
2.73183e-05
2.73183e-05
2.73183e-05
2.73183e-05
2.73183e-05
2.73183e-05
2.73183e-05
2.73183e-05
2.73183e-05
2.73183e-05
2.73183e-05
2.73183e-05
2.73183e-05
2.73183e-05
2.73183e-05
2.73183e-05
2.73183e-05
2.73183e-05
2.73183e-05
2.73183e-05
2.73183e-05
2.73183e-05
2.73183e-05
2.73183e-05
2.73183e-05
2.73183e-05
2.73183e-05
2.73183e-05
2.73183e-05
2.73183e-05
2.73183e-05
2.73183e-05
2.73183e-05
2.73183e-05
2.73183e-05
2.88672e-05
2.88672e-05
2.88672e-05
2.88672e-05
2.88672e-05
2.88672e-05
2.88672e-05
2.88672e-05
2.88672e-05
2.88672e-05
2.88672e-05
2.88672e-05
2.88672e-05
2.72189e-05
2.73961e-05
2.71269e-05
2.71269e-05
2.71269e-05
2.71269e-05
2.71269e-05
2.73042e-05
2.72189e-05
2.71269e-05
2.73042e-05
2.81246e-05
2.72189e-05
2.72189e-05
2.72189e-05
2.72189e-05
2.72189e-05
2.72189e-05
2.72189e-05
2.72189e-05
2.72189e-05
2.72189e-05
2.72189e-05
2.72189e-05
2.72189e-05
2.72189e-05
2.72189e-05
2.72189e-05
2.72189e-05
2.72189e-05
2.72189e-05
2.72189e-05
2.72189e-05
2.72189e-05
2.72189e-05
2.72189e-05
2.72189e-05
2.72189e-05
2.72189e-05
2.72189e-05
2.72189e-05
2.72189e-05
2.72189e-05
2.72189e-05
2.72189e-05
2.72189e-05
2.72189e-05
2.72189e-05
2.72189e-05
2.72189e-05
2.72189e-05
2.72189e-05
2.72189e-05
2.72189e-05
2.72189e-05
2.72189e-05
2.72189e-05
2.72189e-05
2.72189e-05
2.72189e-05
2.72189e-05
2.72189e-05
2.72189e-05
2.72189e-05
2.72189e-05
2.72189e-05
2.72189e-05
2.72189e-05
2.72189e-05
2.72189e-05
2.72189e-05
2.72189e-05
2.72189e-05
2.72189e-05
2.72189e-05
2.72189e-05
2.72189e-05
2.72189e-05
2.72189e-05
2.72189e-05
2.72189e-05
2.72189e-05
2.72189e-05
2.72189e-05
2.75734e-05
2.73961e-05
2.72189e-05
2.72189e-05
2.72189e-05
2.72189e-05
2.72189e-05
2.72189e-05
2.72189e-05
2.72189e-05
2.80042e-05
2.72189e-05
2.72189e-05
2.7685e-05
2.79468e-05
2.72189e-05
2.72189e-05
2.72189e-05
2.72189e-05
2.72189e-05
2.72189e-05
2.72189e-05
2.73961e-05
2.72189e-05
2.72189e-05
2.72189e-05
2.72189e-05
2.72189e-05
2.72189e-05
2.72189e-05
2.72189e-05
2.72189e-05
2.73961e-05
2.72189e-05
2.72189e-05
2.72189e-05
2.72189e-05
2.73961e-05
2.72189e-05
2.73961e-05
2.72189e-05
2.72189e-05
2.72189e-05
2.72189e-05
2.72189e-05
2.72189e-05
2.77232e-05
2.72189e-05
2.72189e-05
2.72189e-05
2.76134e-05
2.77232e-05
2.72189e-05
2.7268e-05
2.72189e-05
2.72189e-05
2.72189e-05
3.00126e-05
2.72189e-05
2.72189e-05
2.72189e-05
2.72189e-05
2.72189e-05
2.72189e-05
2.73961e-05
2.73961e-05
2.72189e-05
2.72189e-05
2.72189e-05
2.75734e-05
2.78731e-05
2.72189e-05
2.73961e-05
2.72189e-05
2.72189e-05
2.7546e-05
2.78731e-05
2.78731e-05
2.72189e-05
2.72189e-05
2.7546e-05
2.72189e-05
2.7546e-05
2.7546e-05
2.7546e-05
2.76968e-05
2.76968e-05
3.8851e-05
2.70907e-05
2.70907e-05
2.70907e-05
2.70907e-05
2.70907e-05
2.70907e-05
2.70907e-05
2.70907e-05
2.70907e-05
2.70907e-05
2.70907e-05
2.70907e-05
2.70907e-05
2.70907e-05
2.70907e-05
2.70907e-05
2.70907e-05
2.70907e-05
2.70907e-05
2.70907e-05
2.70907e-05
2.70907e-05
2.70907e-05
2.70907e-05
2.70907e-05
2.70907e-05
2.70907e-05
2.70907e-05
2.70907e-05
2.70907e-05
2.70907e-05
2.70907e-05
2.70907e-05
2.70907e-05
2.70907e-05
2.70907e-05
2.70907e-05
2.70907e-05
2.70907e-05
2.70907e-05
2.70907e-05
2.70907e-05
2.70907e-05
2.70907e-05
2.70907e-05
2.70907e-05
2.70907e-05
2.70907e-05
2.70907e-05
2.70907e-05
2.70907e-05
2.70907e-05
2.70907e-05
2.70907e-05
2.70907e-05
2.70907e-05
2.70907e-05
2.70907e-05
2.70907e-05
2.70907e-05
2.70907e-05
2.70907e-05
2.70907e-05
2.70907e-05
2.70907e-05
2.70907e-05
2.70907e-05
2.70907e-05
2.70907e-05
2.70907e-05
2.70907e-05
2.70907e-05
2.70907e-05
2.70907e-05
2.70907e-05
2.70907e-05
2.70907e-05
2.70907e-05
2.70907e-05
2.70907e-05
2.70907e-05
2.70907e-05
2.70907e-05
2.70907e-05
2.70907e-05
2.70907e-05
2.70907e-05
2.70907e-05
2.70907e-05
2.70907e-05
2.70907e-05
2.70907e-05
2.70907e-05
2.70907e-05
2.70907e-05
2.70907e-05
2.70907e-05
2.70907e-05
2.70907e-05
2.70907e-05
2.70907e-05
2.70907e-05
2.70907e-05
2.70907e-05
2.70907e-05
2.70907e-05
2.70907e-05
2.70907e-05
2.70907e-05
2.70907e-05
2.70907e-05
2.70907e-05
2.70907e-05
2.70907e-05
2.70907e-05
2.70907e-05
2.70907e-05
2.70907e-05
2.70907e-05
2.70907e-05
2.70907e-05
2.70907e-05
2.70907e-05
2.70907e-05
2.70907e-05
2.70907e-05
2.70907e-05
2.70907e-05
2.70907e-05
2.70907e-05
2.70907e-05
2.70907e-05
2.70907e-05
2.70907e-05
2.70907e-05
2.70907e-05
2.70907e-05
2.70907e-05
2.70907e-05
2.70907e-05
2.70907e-05
2.70907e-05
2.70907e-05
2.70907e-05
2.71889e-05
2.70907e-05
2.70907e-05
2.70907e-05
2.70907e-05
2.70907e-05
2.70907e-05
2.7782e-05
2.70907e-05
2.70907e-05
2.70907e-05
2.70907e-05
2.70907e-05
2.70907e-05
2.70907e-05
2.70907e-05
2.70907e-05
2.78494e-05
2.77079e-05
2.77252e-05
2.70907e-05
2.70907e-05
2.77201e-05
2.70907e-05
2.70907e-05
2.70907e-05
2.70907e-05
2.70907e-05
2.70907e-05
2.70907e-05
2.70907e-05
2.70907e-05
2.70907e-05
2.70907e-05
2.70907e-05
2.70907e-05
2.70907e-05
2.70907e-05
2.70907e-05
2.70907e-05
2.70907e-05
2.70907e-05
2.70907e-05
2.70907e-05
2.70907e-05
2.70907e-05
2.70907e-05
2.70907e-05
2.70907e-05
2.70907e-05
2.75997e-05
2.81087e-05
2.70907e-05
2.70907e-05
2.70907e-05
2.70907e-05
2.70907e-05
2.70907e-05
2.70907e-05
2.74843e-05
2.74843e-05
2.76699e-05
2.76699e-05
2.85387e-05
2.75988e-05
2.77082e-05
2.74364e-05
2.74364e-05
2.74364e-05
2.74364e-05
2.74364e-05
2.76124e-05
2.76124e-05
2.76124e-05
2.76124e-05
2.76845e-05
2.76132e-05
2.93883e-05
2.8215e-05
2.8215e-05
2.8215e-05
2.8215e-05
2.76598e-05
2.76598e-05
2.76146e-05
2.81875e-05
2.76146e-05
2.76146e-05
2.76146e-05
2.76922e-05
2.76922e-05
2.76314e-05
2.76228e-05
2.75916e-05
2.75916e-05
2.74011e-05
2.74011e-05
2.74011e-05
2.74011e-05
2.74011e-05
2.74011e-05
2.74011e-05
2.78765e-05
2.78765e-05
2.78765e-05
2.78765e-05
2.78765e-05
2.78765e-05
2.78765e-05
2.78765e-05
2.74591e-05
2.78765e-05
2.74591e-05
2.76934e-05
2.76577e-05
2.76577e-05
2.76577e-05
2.7623e-05
2.7653e-05
2.77009e-05
2.77009e-05
2.75856e-05
2.75856e-05
2.75856e-05
2.75856e-05
2.75856e-05
2.75856e-05
2.75856e-05
2.76413e-05
2.76413e-05
2.76413e-05
2.76868e-05
2.76868e-05
2.76571e-05
2.82726e-05
2.76121e-05
2.81825e-05
2.81825e-05
2.76121e-05
2.76216e-05
2.76413e-05
2.76413e-05
2.76413e-05
2.76413e-05
2.76571e-05
2.76571e-05
2.76571e-05
2.75506e-05
2.75506e-05
2.75985e-05
2.81554e-05
2.75985e-05
2.75985e-05
2.75985e-05
2.75985e-05
2.76264e-05
2.76264e-05
2.76264e-05
2.76264e-05
2.76413e-05
2.76413e-05
2.76413e-05
2.76413e-05
2.76413e-05
2.76413e-05
2.76413e-05
2.76413e-05
2.76121e-05
2.76121e-05
2.76121e-05
2.76121e-05
2.76121e-05
2.76738e-05
2.76738e-05
2.73533e-05
2.74822e-05
2.76675e-05
2.76863e-05
2.76381e-05
2.76381e-05
2.76381e-05
2.76381e-05
2.76853e-05
2.7584e-05
2.81264e-05
2.81264e-05
2.81264e-05
2.7584e-05
2.7584e-05
2.75271e-05
2.75271e-05
2.75271e-05
2.73083e-05
2.83748e-05
2.75749e-05
2.78415e-05
2.75749e-05
2.73083e-05
2.73083e-05
2.73083e-05
2.73083e-05
2.73083e-05
2.73083e-05
2.73083e-05
2.73083e-05
2.73083e-05
2.73083e-05
2.73083e-05
2.73083e-05
2.75749e-05
2.75749e-05
2.73083e-05
2.73083e-05
2.73083e-05
2.73083e-05
2.73083e-05
2.73083e-05
2.73083e-05
2.77605e-05
2.77605e-05
2.73083e-05
2.73083e-05
2.73083e-05
2.73083e-05
2.73083e-05
2.73083e-05
2.73083e-05
2.73083e-05
2.73083e-05
2.73083e-05
2.73083e-05
2.73083e-05
2.73083e-05
2.73083e-05
2.73083e-05
2.73083e-05
2.73083e-05
2.73083e-05
2.73083e-05
2.86414e-05
2.73083e-05
2.75749e-05
2.73083e-05
2.73083e-05
2.73083e-05
2.72188e-05
2.72188e-05
2.72188e-05
2.72188e-05
2.72188e-05
2.72188e-05
2.72188e-05
2.72188e-05
2.72188e-05
2.72188e-05
2.72188e-05
2.72188e-05
2.72188e-05
2.72188e-05
2.72188e-05
2.72188e-05
2.72188e-05
2.72188e-05
2.72188e-05
2.72188e-05
2.72188e-05
2.72188e-05
2.72188e-05
2.72188e-05
2.72188e-05
2.72188e-05
2.72188e-05
2.73861e-05
2.73861e-05
2.73861e-05
2.73861e-05
2.73861e-05
2.73861e-05
2.73861e-05
2.73861e-05
2.74939e-05
2.74939e-05
2.74939e-05
2.74939e-05
2.74939e-05
2.74939e-05
2.74939e-05
2.74939e-05
2.74939e-05
2.74939e-05
2.74939e-05
2.74939e-05
2.74939e-05
2.74939e-05
2.74939e-05
2.74939e-05
2.74939e-05
2.74939e-05
2.74939e-05
2.74939e-05
2.74939e-05
2.74939e-05
2.74939e-05
2.70958e-05
2.70958e-05
2.70958e-05
2.715e-05
2.70958e-05
2.70958e-05
2.70958e-05
2.70958e-05
2.70958e-05
2.70958e-05
2.70958e-05
2.70958e-05
2.70958e-05
2.70958e-05
2.70958e-05
2.70958e-05
2.70958e-05
2.70958e-05
2.70958e-05
2.70958e-05
2.70958e-05
2.70958e-05
2.70958e-05
2.70958e-05
2.70958e-05
2.70958e-05
2.70958e-05
2.70958e-05
2.715e-05
2.70958e-05
2.70958e-05
2.70958e-05
2.70958e-05
2.70958e-05
2.70958e-05
2.70958e-05
2.70958e-05
2.70958e-05
2.70958e-05
2.70958e-05
2.70958e-05
2.70958e-05
2.70958e-05
2.70958e-05
2.70958e-05
2.70958e-05
2.70958e-05
2.74239e-05
2.76199e-05
2.76199e-05
2.88054e-05
2.88054e-05
2.77409e-05
2.71336e-05
2.71336e-05
2.71336e-05
2.83588e-05
2.9676e-05
2.83588e-05
2.83588e-05
2.83588e-05
2.83588e-05
2.83588e-05
2.83588e-05
2.83588e-05
2.83588e-05
2.83588e-05
2.83588e-05
2.83588e-05
2.83588e-05
5.96687e-05
5.96687e-05
2.95121e-05
2.76593e-05
2.76593e-05
2.76593e-05
2.76593e-05
2.76593e-05
2.76593e-05
2.76593e-05
2.76593e-05
2.76593e-05
2.73688e-05
2.73688e-05
2.73688e-05
2.73688e-05
2.73688e-05
2.73688e-05
2.73688e-05
2.73688e-05
2.73688e-05
2.73688e-05
2.73688e-05
2.73688e-05
2.76959e-05
2.73688e-05
2.73688e-05
2.76959e-05
2.73688e-05
2.73688e-05
2.73688e-05
2.76959e-05
2.76959e-05
2.73688e-05
2.76959e-05
2.73688e-05
2.73688e-05
2.76959e-05
2.97236e-05
2.76959e-05
2.8023e-05
2.76959e-05
2.97236e-05
2.73688e-05
2.73688e-05
2.73688e-05
2.76959e-05
2.76959e-05
2.76959e-05
2.76959e-05
3.42373e-05
2.91151e-05
2.73688e-05
2.73688e-05
2.73688e-05
2.76959e-05
2.76959e-05
2.73688e-05
2.73688e-05
2.73688e-05
2.76959e-05
2.73688e-05
2.76959e-05
2.76959e-05
2.76959e-05
2.76959e-05
2.76959e-05
4.59742e-05
2.76959e-05
2.76959e-05
2.76959e-05
2.73688e-05
2.73688e-05
2.73688e-05
2.73688e-05
2.73688e-05
2.73688e-05
2.73688e-05
2.73688e-05
2.73688e-05
2.73688e-05
2.73688e-05
2.73688e-05
2.73688e-05
2.73688e-05
2.73688e-05
2.73688e-05
2.73688e-05
2.73688e-05
2.73688e-05
2.73688e-05
2.73688e-05
2.73688e-05
2.73688e-05
2.73688e-05
2.73688e-05
2.73688e-05
2.73688e-05
2.73688e-05
2.73688e-05
2.73688e-05
2.73688e-05
2.73688e-05
2.73688e-05
2.73688e-05
2.73688e-05
2.73688e-05
2.73688e-05
2.73688e-05
2.73688e-05
2.73688e-05
2.73688e-05
2.73688e-05
2.73688e-05
2.73688e-05
2.73688e-05
2.73688e-05
2.73688e-05
2.73688e-05
2.73688e-05
2.73688e-05
2.73688e-05
2.73688e-05
2.73688e-05
2.73688e-05
2.73688e-05
2.73688e-05
2.73688e-05
2.73688e-05
2.73688e-05
2.73688e-05
2.73688e-05
2.73688e-05
2.95378e-05
2.95378e-05
2.95378e-05
2.95378e-05
2.95378e-05
2.95378e-05
2.95378e-05
2.799e-05
2.75158e-05
2.75158e-05
2.75158e-05
2.75158e-05
2.75158e-05
2.75158e-05
2.75158e-05
2.75158e-05
2.75158e-05
2.75158e-05
2.75158e-05
2.75158e-05
2.75158e-05
2.75158e-05
2.75158e-05
2.75158e-05
2.75158e-05
2.75158e-05
2.75158e-05
2.75158e-05
2.75158e-05
2.75158e-05
2.75158e-05
2.75158e-05
2.73034e-05
2.73034e-05
2.73034e-05
2.73034e-05
2.73034e-05
2.73034e-05
2.73034e-05
2.73034e-05
2.73034e-05
2.73034e-05
2.73034e-05
2.7827e-05
2.75652e-05
2.75652e-05
2.73034e-05
2.75652e-05
2.73034e-05
2.73034e-05
2.73034e-05
2.73034e-05
2.73034e-05
2.73034e-05
2.73034e-05
2.73034e-05
2.73034e-05
2.73034e-05
2.73034e-05
2.73034e-05
2.73034e-05
2.73034e-05
2.80888e-05
2.73034e-05
2.73034e-05
2.73034e-05
2.73034e-05
2.73034e-05
2.73034e-05
2.73034e-05
2.73034e-05
2.73034e-05
2.73034e-05
2.73034e-05
2.73034e-05
2.73034e-05
2.75652e-05
2.73034e-05
2.73034e-05
2.73034e-05
2.75652e-05
2.73034e-05
2.73034e-05
2.73034e-05
2.73034e-05
2.73034e-05
2.73034e-05
2.73034e-05
2.73034e-05
2.73034e-05
2.73034e-05
2.73034e-05
2.73034e-05
2.73034e-05
2.73034e-05
2.73034e-05
2.73034e-05
2.73034e-05
2.73034e-05
2.82091e-05
2.73034e-05
2.73034e-05
2.73034e-05
2.73034e-05
2.73034e-05
2.844e-05
2.75078e-05
2.75078e-05
2.75078e-05
2.75078e-05
2.75078e-05
2.75078e-05
2.75078e-05
2.75078e-05
2.75078e-05
2.75078e-05
2.75078e-05
2.75078e-05
2.75078e-05
2.75078e-05
2.75078e-05
2.75078e-05
2.75078e-05
2.75078e-05
2.75078e-05
2.75078e-05
2.75078e-05
2.75078e-05
2.75078e-05
2.75078e-05
2.89062e-05
2.75078e-05
2.75078e-05
2.75078e-05
2.75078e-05
2.75078e-05
2.75078e-05
2.79739e-05
2.79739e-05
2.75078e-05
2.75078e-05
2.75078e-05
2.80296e-05
2.80296e-05
2.80296e-05
2.80296e-05
2.80296e-05
2.80296e-05
2.80296e-05
2.80296e-05
2.80296e-05
2.80296e-05
2.80296e-05
2.80296e-05
2.80296e-05
2.80296e-05
2.80296e-05
2.80296e-05
2.80296e-05
2.80296e-05
2.80296e-05
2.80296e-05
2.80296e-05
2.80296e-05
2.76472e-05
2.76472e-05
2.83384e-05
2.76646e-05
2.84233e-05
2.75894e-05
2.75894e-05
2.82066e-05
2.76165e-05
2.8251e-05
2.76033e-05
2.82374e-05
2.76033e-05
2.82207e-05
2.73933e-05
2.80227e-05
2.76942e-05
2.89994e-05
2.76942e-05
2.77452e-05
2.77452e-05
2.77452e-05
2.73146e-05
2.73146e-05
2.73146e-05
2.73146e-05
2.75813e-05
2.73146e-05
2.9004e-05
2.80228e-05
2.80228e-05
2.80228e-05
2.80228e-05
2.80228e-05
2.80228e-05
2.80228e-05
2.80228e-05
2.80228e-05
2.80228e-05
2.80228e-05
2.80228e-05
2.80228e-05
2.80228e-05
2.80228e-05
2.80228e-05
2.80228e-05
2.80228e-05
2.80228e-05
2.80228e-05
2.80228e-05
2.80228e-05
3.4891e-05
3.09663e-05
3.09663e-05
3.09663e-05
3.59376e-05
2.93965e-05
2.93965e-05
2.93965e-05
2.93965e-05
2.93965e-05
2.93965e-05
2.93965e-05
3.89564e-05
3.9571e-05
3.88157e-05
4.15692e-05
2.85609e-05
3.00801e-05
2.78013e-05
2.78013e-05
2.78013e-05
2.78013e-05
2.78013e-05
2.78013e-05
2.78013e-05
2.78013e-05
2.78013e-05
4.43452e-05
4.43452e-05
2.78013e-05
2.78013e-05
2.78013e-05
2.78013e-05
2.78013e-05
2.78013e-05
2.78013e-05
2.78013e-05
2.78013e-05
2.78013e-05
3.05344e-05
2.8788e-05
2.8788e-05
2.8788e-05
2.8788e-05
2.8788e-05
2.8788e-05
2.8788e-05
2.8788e-05
2.8788e-05
2.8788e-05
2.8788e-05
2.8788e-05
2.8788e-05
2.84268e-05
2.84268e-05
2.84268e-05
2.84268e-05
2.84268e-05
2.84268e-05
2.84268e-05
2.84268e-05
2.84268e-05
2.84268e-05
2.84268e-05
2.84268e-05
2.84268e-05
2.84268e-05
2.84268e-05
2.84268e-05
2.86115e-05
2.86115e-05
2.86115e-05
2.86115e-05
2.86115e-05
2.86115e-05
2.86115e-05
2.86115e-05
2.86115e-05
2.86115e-05
2.86115e-05
2.86115e-05
2.86115e-05
2.86115e-05
2.86115e-05
2.79473e-05
2.79473e-05
2.79473e-05
2.79473e-05
2.79473e-05
2.8853e-05
2.79473e-05
2.79473e-05
2.79473e-05
2.8853e-05
2.79473e-05
2.79473e-05
2.79473e-05
2.79473e-05
2.79473e-05
2.79473e-05
2.79473e-05
2.94441e-05
3.18465e-05
3.18465e-05
2.82429e-05
2.82429e-05
2.82429e-05
2.82429e-05
2.82429e-05
2.82429e-05
2.82429e-05
2.82429e-05
2.82429e-05
2.82429e-05
2.82429e-05
2.82429e-05
2.82429e-05
2.82429e-05
2.82429e-05
2.82429e-05
2.82429e-05
2.82429e-05
2.82429e-05
2.82429e-05
2.82429e-05
2.82429e-05
2.82429e-05
2.82429e-05
2.96581e-05
2.96581e-05
2.96581e-05
2.96581e-05
2.96581e-05
2.96581e-05
2.83499e-05
2.83499e-05
2.83499e-05
2.83499e-05
2.83499e-05
2.83499e-05
2.83499e-05
2.83499e-05
2.83499e-05
2.83499e-05
2.83499e-05
2.83499e-05
2.83499e-05
2.83499e-05
2.83499e-05
2.77329e-05
2.76758e-05
2.76591e-05
2.72913e-05
2.73831e-05
2.72937e-05
2.72937e-05
2.72937e-05
2.72937e-05
2.72937e-05
2.72937e-05
2.72937e-05
2.75604e-05
2.75604e-05
2.75604e-05
2.75604e-05
2.73882e-05
2.73882e-05
2.73882e-05
2.76562e-05
2.76562e-05
2.76562e-05
2.76562e-05
2.76562e-05
2.76562e-05
2.76562e-05
2.76562e-05
2.76562e-05
2.76562e-05
2.76562e-05
2.76562e-05
2.76562e-05
2.76562e-05
2.76562e-05
2.76562e-05
2.76562e-05
2.76562e-05
2.76562e-05
2.76562e-05
2.76562e-05
2.76562e-05
2.76562e-05
2.76562e-05
2.76562e-05
2.76562e-05
2.76562e-05
2.76562e-05
2.76562e-05
2.76562e-05
2.76562e-05
2.76562e-05
2.76562e-05
2.76562e-05
2.76562e-05
2.76562e-05
2.76562e-05
2.76562e-05
2.76562e-05
2.76562e-05
2.76562e-05
2.76562e-05
2.76562e-05
2.76562e-05
2.76562e-05
2.76562e-05
2.76562e-05
2.76562e-05
2.76562e-05
2.76562e-05
2.76562e-05
2.76562e-05
2.76562e-05
6.07775e-05
2.97951e-05
2.97951e-05
2.97951e-05
2.97951e-05
2.97951e-05
2.97951e-05
2.97951e-05
2.97951e-05
2.97951e-05
2.97951e-05
2.97951e-05
6.25098e-05
3.17685e-05
3.17685e-05
5.18613e-05
3.3583e-05
2.71515e-05
4.53199e-05
5.02395e-05
2.78341e-05
2.7575e-05
2.7575e-05
2.7575e-05
2.7575e-05
2.73083e-05
2.78887e-05
2.81311e-05
2.73083e-05
2.73083e-05
2.73083e-05
2.73083e-05
2.73083e-05
2.73083e-05
2.73083e-05
2.79332e-05
2.73083e-05
2.73083e-05
2.73083e-05
2.73083e-05
2.73083e-05
2.73083e-05
2.73083e-05
2.73083e-05
2.73083e-05
2.73083e-05
2.73083e-05
2.73083e-05
2.73429e-05
2.73429e-05
2.73429e-05
2.73429e-05
2.81373e-05
2.81373e-05
2.81373e-05
5.05783e-05
5.05783e-05
5.05783e-05
5.05783e-05
5.05783e-05
5.05783e-05
5.05783e-05
5.05783e-05
5.05783e-05
5.05783e-05
5.05783e-05
5.05783e-05
5.05783e-05
5.05783e-05
5.05783e-05
5.24541e-05
5.24541e-05
5.24541e-05
5.24541e-05
5.24541e-05
2.76078e-05
2.76078e-05
2.76078e-05
2.75575e-05
2.75575e-05
2.75575e-05
2.75575e-05
2.75575e-05
2.75575e-05
2.76368e-05
2.76368e-05
2.76368e-05
2.73553e-05
2.73553e-05
2.73553e-05
2.73553e-05
2.73553e-05
2.73553e-05
2.73553e-05
2.73553e-05
2.73553e-05
2.73553e-05
2.73553e-05
2.73553e-05
2.73553e-05
2.73553e-05
2.73553e-05
2.73553e-05
2.73553e-05
2.73553e-05
2.73553e-05
2.73553e-05
2.73553e-05
2.73553e-05
2.73553e-05
2.73553e-05
2.73553e-05
