0.00417408
0.00916929
0.000675241
0.00309875
0.00176634
0.00209436
0.00190198
0.00317599
0.00176634
0.00195561
0.00372201
0.00309875
0.00309875
0.00386639
0.00101517
0.00118247
0.000970479
0.0011687
0.000970479
0.000675241
0.00159374
0.000970479
0.000970479
0.0130562
0.0130562
0.0130562
0.0130562
0.000675241
0.000970479
0.000675241
0.000675241
0.00149339
0.00147387
0.0015682
0.00930044
0.000857789
0.00181613
0.00230519
0.00179462
0.00188541
0.00195621
0.00235104
0.0025672
0.00181613
0.00104507
0.00107119
0.000990215
0.000419929
0.00050559
0.000675383
0.000433504
0.000425622
0.00051923
0.000441559
0.000545443
0.00129929
0.000480719
0.000413607
0.000491598
0.000491598
0.000431894
0.000385441
0.000366243
0.000381729
0.000395078
0.000379722
0.000429251
0.000395548
0.000380997
0.000395078
0.00116725
0.00116725
0.00116725
0.00116725
0.00116725
0.00116725
0.00116725
0.00116725
0.00116725
0.00116725
0.00116725
0.00116725
0.00116725
0.00116725
0.00116725
0.00116725
0.00116725
0.00116725
0.00041091
0.000481524
0.000407084
0.000411004
0.000447274
0.00193998
0.0088742
0.000611484
0.00166883
0.00193309
0.00179532
0.00305989
0.00166883
0.00184661
0.000927146
0.00108187
0.000611484
0.000611484
0.000611484
0.000611484
0.000433558
0.000438003
0.000468205
0.000428015
0.000397697
0.000389578
0.00041789
0.00041789
0.00041789
0.000426087
0.000426087
0.000386655
0.000401797
0.000386655
0.000427814
0.000386655
0.000386655
0.000367932
0.000367932
0.000367932
0.000367932
0.000367932
0.000367932
0.000384924
0.000384924
0.000384924
0.000384924
0.000384924
0.000384924
0.000384924
0.000384924
0.000384924
0.000384924
0.000384924
0.000366802
0.000362708
0.000360701
0.000431284
0.000389253
0.000389253
0.000361885
0.000392605
0.000361875
0.000361976
0.000366748
0.000366748
0.000365357
0.000444616
0.000455427
0.00148506
0.00146556
0.00155647
0.000415975
0.000666828
0.000427013
0.000421288
0.000438128
0.00128896
0.000476966
0.000409997
0.00042724
0.000382211
0.000364662
0.00038008
0.000378081
0.000425715
0.000393837
0.000379351
0.00116067
0.00116067
0.00116067
0.00116067
0.00116067
0.00116067
0.00116067
0.00116067
0.00116067
0.00116067
0.00116067
0.00116067
0.00116067
0.00116067
0.00116067
0.00116067
0.00116067
0.00116067
0.000362364
0.000362364
0.000362364
0.000377506
0.00040823
0.00040823
0.00040823
0.00040823
0.00040823
0.00040823
0.000377506
0.000377506
0.00044263
0.00044263
0.000377506
0.000362364
0.000362364
0.000362364
0.000407791
0.00044895
0.000407791
0.000407791
0.000407791
0.000388382
0.000388382
0.000388382
0.000388382
0.000388382
0.000362878
0.000362878
0.000362878
0.000362878
0.000362878
0.000357974
0.000357974
0.000370145
0.000357974
0.000373075
0.000385264
0.000368765
0.000368765
0.000410545
0.00048081
0.000406738
0.000410512
0.000446731
0.000367657
0.000367657
0.000367657
0.000367657
0.000367657
0.000367657
0.000384609
0.000384609
0.000384609
0.000384609
0.000384609
0.000384609
0.000384609
0.000384609
0.000384609
0.000384609
0.000384609
0.000366641
0.00036264
0.000360641
0.00036176
0.000361809
0.000361911
0.000391236
0.000407452
0.000407452
0.000391236
0.000391236
0.000407452
0.000391236
0.000391236
0.000369229
0.000369229
0.000369229
0.000369229
0.000369229
0.000369229
0.000369229
0.000369229
0.000369229
0.000363438
0.000363438
0.000363438
0.000363438
0.000363438
0.000363438
0.000363438
0.000363438
0.000363438
0.000363438
0.000363438
0.000363438
0.000363438
0.000363438
0.000519647
0.000416648
0.000416648
0.000416648
0.000434005
0.000434005
0.000416648
0.000416648
0.000416648
0.000416648
0.000520788
0.000520788
0.000507753
0.000678424
0.00047269
0.00047269
0.000454242
0.000454242
0.000359393
0.000406816
0.000416351
0.000361712
0.000362323
0.000360867
0.000358033
0.00117769
0.000358033
0.000389009
0.000413507
0.000396967
0.000358033
0.000418734
0.000366715
0.000366715
0.000365332
0.000362864
0.000362864
0.000362864
0.000362864
0.000362864
0.000399532
0.000399532
0.000399532
0.000399532
0.000399532
0.000457921
0.000457921
0.000457921
0.000363689
0.000361378
0.000378198
0.000575103
0.000680549
0.000378198
0.000378198
0.000378198
0.000378198
0.00036413
0.000542277
0.000365641
0.000366764
0.0003602
0.0003602
0.0011881
0.000397767
0.000362439
0.000368169
0.000357973
0.000357973
0.000370144
0.000357973
0.000373073
0.000385262
0.000517025
0.00037176
0.000358617
0.000376397
0.00037375
0.00041856
0.000391943
0.000375417
0.00113689
0.00113689
0.00113689
0.00113689
0.00113689
0.00113689
0.00113689
0.00113689
0.00113689
0.00113689
0.00113689
0.00113689
0.00113689
0.00113689
0.00113689
0.00113689
0.00113689
0.00113689
0.000365661
0.000365661
0.000365661
0.000365661
0.000365661
0.000365661
0.000364232
0.000402219
0.000385451
0.000385451
0.000385451
0.000385451
0.000385451
0.000385451
0.000385451
0.000385451
0.000385451
0.000385451
0.000385451
0.000366006
0.000359393
0.000406816
0.000416351
0.000361712
0.000362323
0.000360867
0.000365002
0.000362355
0.000363405
0.000363885
0.000364022
0.000365506
0.000365506
0.000365506
0.000365506
0.000365506
0.000366216
0.000363689
0.000361378
