0.000743032
0.00289568
0.00225173
0.000860335
0.0023392
0.00244637
0.00233684
0.00240306
0.00248289
0.00243751
0.00228406
0.00219281
0.000800684
0.000800684
0.000800684
0.000800684
0.000830493
0.000806252
0.00203925
0.00203925
0.00203925
0.00203925
0.00203925
0.00203925
0.00203925
0.00203925
0.00203925
0.00203925
0.00072427
0.000858117
0.000763216
0.000765586
0.000763216
0.000764349
0.000758715
0.000765586
0.000764349
0.000765586
0.000759488
0.000766939
0.000766939
0.000766939
0.000766939
0.000765586
0.000766939
0.000765586
0.000762172
0.000765586
0.000766939
0.000766939
0.000765586
0.000758715
0.000737
0.000737
0.000737
0.000737
0.000737
0.000766939
0.000770113
0.000770113
0.000770113
0.000770113
0.000770113
0.000770113
0.000770113
0.000761368
0.000761368
0.000761368
0.000761368
0.000761368
0.000895215
0.000828292
0.000787334
0.000787334
0.0009023
0.000763729
0.000763729
0.000718107
0.000718107
0.000718107
0.000718107
0.000718107
0.000718107
0.000718107
0.000718107
0.000718107
0.000718107
0.000718107
0.000718107
0.000718107
0.000718107
0.000718107
0.000718107
0.000718107
0.000718107
0.000718107
0.000718107
0.000718107
0.000718107
0.000718107
0.000718107
0.000718107
0.000718107
0.000718107
0.000718107
0.000718107
0.000718107
0.000718107
0.000718107
0.000718107
0.000718107
0.000718107
0.000718107
0.000718107
0.000718107
0.000718107
0.000718107
0.000718107
0.000718107
0.000718107
0.000718107
0.000718107
0.000718107
0.000718107
0.000718107
0.000718107
0.000718107
0.000718107
0.000718107
0.000718107
0.000718107
0.000718107
0.000718107
0.000718107
0.000718107
0.000718107
0.000718107
0.000718107
0.000718107
0.000718685
0.00088837
0.000720661
0.000720661
0.000720661
0.000720661
0.00072303
0.00072303
0.000743985
0.000720661
0.000720661
0.000745917
0.000721794
0.000721794
0.000721794
0.00071616
0.00071616
0.00071616
0.00071616
0.00071616
0.00071616
0.00071616
0.00071616
0.00072303
0.00072303
0.000721794
0.000721794
0.000721794
0.00072303
0.00072303
0.000741184
0.000740257
0.000742189
0.00074328
0.000742189
0.000716932
0.000716932
0.000716932
0.000724384
0.000724384
0.000724384
0.000724384
0.00072303
0.00072303
0.000724384
0.00072303
0.00072303
0.000719617
0.000719617
0.000719617
0.000719617
0.000719617
0.00072303
0.00072303
0.000724384
0.00072303
0.00072303
0.000718696
0.000718696
0.000718696
0.000718696
0.000718696
0.000717769
0.000717769
0.000717769
0.000717769
0.000717769
0.000719701
0.000719701
0.000719701
0.000720792
0.000720792
0.000720792
0.000719701
0.000719701
0.000719701
0.000719701
